-0.999762,0.000000,0.021799,0.000000,0.000000,1.000000,0.000000,0.000000,-0.021799,0.000000,-0.999762,0.000000,0.790932,1.300000,1.462270,1.000000
-0.999521,-0.023307,0.020340,0.000000,-0.023654,0.999575,-0.017010,0.000000,-0.019935,-0.017483,-0.999648,0.000000,0.080682,1.142414,2.293341,1.000000
-0.999876,-0.015227,-0.004080,0.000000,-0.015183,0.999830,-0.010437,0.000000,0.004239,-0.010374,-0.999937,0.000000,-0.132539,1.997710,2.330785,1.000000
-0.999939,-0.009349,0.005807,0.000000,-0.009431,0.999852,-0.014384,0.000000,-0.005672,-0.014438,-0.999880,0.000000,0.580608,1.610557,0.804849,1.000000
-0.999052,-0.010571,0.042239,0.000000,-0.010204,0.999908,0.008895,0.000000,-0.042329,0.008456,-0.999068,0.000000,-0.110060,0.493706,2.109531,1.000000
-0.999544,-0.010572,0.028288,0.000000,-0.011269,0.999634,-0.024591,0.000000,-0.028018,-0.024899,-0.999297,0.000000,-0.131527,1.177541,1.225639,1.000000
-0.999883,-0.014730,0.004105,0.000000,-0.014671,0.999792,0.014154,0.000000,-0.004313,0.014092,-0.999891,0.000000,0.779194,1.190074,1.754586,1.000000
-0.999705,0.015256,0.018879,0.000000,0.014800,0.999600,-0.024090,0.000000,-0.019239,-0.023803,-0.999532,0.000000,0.481458,1.470548,0.909681,1.000000
-0.999309,-0.017502,0.032779,0.000000,-0.017535,0.999846,-0.000708,0.000000,-0.032761,-0.001282,-0.999462,0.000000,1.201285,2.082000,2.379997,1.000000
-0.999229,-0.007793,0.038483,0.000000,-0.007091,0.999806,0.018352,0.000000,-0.038618,0.018065,-0.999091,0.000000,0.318110,1.980548,0.970609,1.000000
-0.999171,-0.021378,0.034647,0.000000,-0.022112,0.999536,-0.020949,0.000000,-0.034183,-0.021698,-0.999180,0.000000,0.506137,0.691184,0.963366,1.000000
-0.999668,-0.011934,0.022847,0.000000,-0.011785,0.999908,0.006675,0.000000,-0.022925,0.006404,-0.999717,0.000000,1.467020,1.470332,1.561752,1.000000
-0.999041,-0.027516,0.034060,0.000000,-0.027955,0.999531,-0.012475,0.000000,-0.033700,-0.013416,-0.999342,0.000000,1.314937,1.062027,1.599343,1.000000
-0.999581,-0.010922,0.026817,0.000000,-0.010169,0.999555,0.028043,0.000000,-0.027111,0.027759,-0.999247,0.000000,0.484742,0.625091,2.051633,1.000000
-0.999663,0.000842,0.025947,0.000000,0.001390,0.999776,0.021121,0.000000,-0.025923,0.021149,-0.999440,0.000000,1.017524,0.827919,1.771505,1.000000
-0.999682,-0.018437,0.017190,0.000000,-0.018290,0.999795,0.008683,0.000000,-0.017346,0.008366,-0.999815,0.000000,-0.015851,0.759021,2.289618,1.000000
-0.999883,0.010981,0.010664,0.000000,0.011322,0.999410,0.032423,0.000000,-0.010302,0.032540,-0.999417,0.000000,1.371463,1.937385,2.202360,1.000000
-0.998981,0.012104,0.043486,0.000000,0.013060,0.999678,0.021778,0.000000,-0.043208,0.022323,-0.998817,0.000000,1.430172,1.164129,2.286693,1.000000
-0.998613,0.006612,0.052228,0.000000,0.008046,0.999595,0.027298,0.000000,-0.052026,0.027681,-0.998262,0.000000,0.103329,2.038656,1.625572,1.000000
-0.997949,-0.011593,0.062952,0.000000,-0.012231,0.999878,-0.009753,0.000000,-0.062831,-0.010503,-0.997969,0.000000,1.081554,1.003518,1.491646,1.000000
-0.997474,-0.003136,0.070957,0.000000,-0.001590,0.999760,0.021834,0.000000,-0.071008,0.021666,-0.997240,0.000000,0.089780,0.670141,0.947118,1.000000
-0.997129,-0.002585,0.075673,0.000000,-0.003339,0.999946,-0.009831,0.000000,-0.075644,-0.010055,-0.997084,0.000000,1.737536,1.282274,1.445903,1.000000
-0.999291,0.002831,0.037541,0.000000,0.003431,0.999867,0.015926,0.000000,-0.037491,0.016044,-0.999168,0.000000,0.076491,1.860842,1.249503,1.000000
-0.997665,0.008488,0.067763,0.000000,0.010474,0.999525,0.029000,0.000000,-0.067485,0.029642,-0.997280,0.000000,0.127587,2.185231,2.380095,1.000000
-0.995950,0.019857,0.087694,0.000000,0.020137,0.999795,0.002304,0.000000,-0.087630,0.004061,-0.996145,0.000000,1.340413,1.595526,1.373494,1.000000
-0.996407,-0.003976,0.084604,0.000000,-0.004249,0.999986,-0.003054,0.000000,-0.084590,-0.003403,-0.996410,0.000000,0.260416,1.673967,0.838818,1.000000
-0.997011,0.004404,0.077140,0.000000,0.004042,0.999980,-0.004846,0.000000,-0.077160,-0.004520,-0.997008,0.000000,0.073040,2.159845,2.022924,1.000000
-0.996089,0.000935,0.088347,0.000000,0.002041,0.999921,0.012435,0.000000,-0.088328,0.012566,-0.996012,0.000000,0.526978,1.317341,1.495647,1.000000
-0.997317,-0.011945,0.072226,0.000000,-0.011855,0.999928,0.001669,0.000000,-0.072241,0.000809,-0.997387,0.000000,0.677239,1.922628,1.541410,1.000000
-0.997553,0.012918,0.068710,0.000000,0.012164,0.999861,-0.011384,0.000000,-0.068848,-0.010521,-0.997572,0.000000,1.031154,1.546469,1.648352,1.000000
-0.993205,0.018972,0.114825,0.000000,0.021789,0.999490,0.023334,0.000000,-0.114323,0.025678,-0.993112,0.000000,0.817310,0.924918,2.323334,1.000000
-0.993316,0.014877,0.114460,0.000000,0.016058,0.999827,0.009403,0.000000,-0.114301,0.011179,-0.993383,0.000000,0.490630,1.511173,1.896134,1.000000
-0.990761,0.016057,0.134666,0.000000,0.019972,0.999415,0.027772,0.000000,-0.134142,0.030205,-0.990502,0.000000,0.617058,1.152353,1.486908,1.000000
-0.991401,0.021974,0.129000,0.000000,0.022669,0.999735,0.003917,0.000000,-0.128879,0.006808,-0.991637,0.000000,0.044663,2.161268,1.928356,1.000000
-0.993282,0.000492,0.115717,0.000000,0.004300,0.999457,0.032661,0.000000,-0.115638,0.032939,-0.992745,0.000000,0.910240,2.230449,1.563268,1.000000
-0.990859,-0.002561,0.134875,0.000000,0.000362,0.999766,0.021639,0.000000,-0.134899,0.021490,-0.990626,0.000000,1.249017,1.660494,1.256804,1.000000
-0.995128,0.003960,0.098510,0.000000,0.008238,0.999038,0.043063,0.000000,-0.098245,0.043665,-0.994204,0.000000,1.777203,2.128268,2.057912,1.000000
-0.990737,0.015228,0.134941,0.000000,0.018973,0.999468,0.026509,0.000000,-0.134465,0.028824,-0.990499,0.000000,1.369313,0.576661,1.908253,1.000000
-0.993071,0.013180,0.116777,0.000000,0.015561,0.999689,0.019504,0.000000,-0.116484,0.021186,-0.992967,0.000000,1.572448,1.733890,2.272041,1.000000
-0.991103,-0.005431,0.132988,0.000000,-0.005788,0.999981,-0.002295,0.000000,-0.132973,-0.003044,-0.991115,0.000000,1.255559,1.538362,2.177296,1.000000
-0.988906,-0.004192,0.148483,0.000000,-0.005553,0.999946,-0.008753,0.000000,-0.148439,-0.009481,-0.988876,0.000000,1.463591,1.303754,1.404257,1.000000
-0.992195,0.015702,0.123702,0.000000,0.020165,0.999187,0.034913,0.000000,-0.123053,0.037135,-0.991705,0.000000,0.183116,1.348482,0.658716,1.000000
-0.992439,-0.023955,0.120381,0.000000,-0.023972,0.999712,0.001310,0.000000,-0.120378,-0.001586,-0.992727,0.000000,0.352917,1.625965,1.496392,1.000000
-0.991138,-0.033890,0.128444,0.000000,-0.034299,0.999411,-0.000976,0.000000,-0.128335,-0.005373,-0.991716,0.000000,0.963052,1.170787,2.110081,1.000000
-0.986817,0.008869,0.161595,0.000000,0.013812,0.999470,0.029492,0.000000,-0.161247,0.031335,-0.986416,0.000000,0.857110,1.968335,2.056588,1.000000
-0.988700,0.009409,0.149615,0.000000,0.011116,0.999882,0.010580,0.000000,-0.149498,0.012123,-0.988688,0.000000,0.913702,1.621987,1.705110,1.000000
-0.985721,-0.002401,0.168367,0.000000,0.000235,0.999878,0.015638,0.000000,-0.168384,0.015454,-0.985600,0.000000,0.782407,2.209850,2.280837,1.000000
-0.989654,0.016060,0.142574,0.000000,0.019781,0.999499,0.024723,0.000000,-0.142105,0.027287,-0.989475,0.000000,0.952254,1.404043,2.327518,1.000000
-0.991057,0.000486,0.133442,0.000000,0.003726,0.999704,0.024029,0.000000,-0.133391,0.024311,-0.990765,0.000000,1.515560,1.642461,1.520369,1.000000
-0.984673,0.024975,0.172616,0.000000,0.025054,0.999685,-0.001717,0.000000,-0.172604,0.002634,-0.984988,0.000000,1.483896,0.691193,1.167765,1.000000
-0.987143,0.008106,0.159637,0.000000,0.014087,0.999239,0.036369,0.000000,-0.159220,0.038150,-0.986506,0.000000,1.869065,1.598657,1.177643,1.000000
-0.980531,0.025448,0.194710,0.000000,0.030157,0.999319,0.021260,0.000000,-0.194036,0.026718,-0.980630,0.000000,0.412967,1.488305,0.873434,1.000000
-0.980821,0.018312,0.194048,0.000000,0.025576,0.999060,0.034993,0.000000,-0.193225,0.039285,-0.980368,0.000000,0.763272,1.542174,0.949438,1.000000
-0.983398,-0.001183,0.181458,0.000000,0.001191,0.999915,0.012972,0.000000,-0.181458,0.012973,-0.983313,0.000000,0.880372,1.473642,0.631911,1.000000
-0.981225,-0.004128,0.192825,0.000000,-0.002605,0.999963,0.008150,0.000000,-0.192851,0.007495,-0.981199,0.000000,0.725234,1.494429,0.461854,1.000000
-0.973981,0.018765,0.225853,0.000000,0.028865,0.998721,0.041500,0.000000,-0.224786,0.046940,-0.973277,0.000000,0.570774,1.151218,0.600591,1.000000
-0.971851,0.032381,0.233362,0.000000,0.039935,0.998818,0.027716,0.000000,-0.232189,0.036255,-0.971995,0.000000,1.538328,1.118310,2.055182,1.000000
-0.977398,-0.006757,0.211302,0.000000,-0.000069,0.999499,0.031647,0.000000,-0.211410,0.030917,-0.976908,0.000000,0.895775,0.509173,1.633856,1.000000
-0.969813,-0.012517,0.243529,0.000000,0.000262,0.998628,0.052372,0.000000,-0.243850,0.050855,-0.968479,0.000000,0.788375,0.603849,0.972063,1.000000
-0.970597,0.000761,0.240709,0.000000,0.009385,0.999354,0.034684,0.000000,-0.240527,0.035923,-0.969977,0.000000,2.008379,1.330972,2.300400,1.000000
-0.975179,-0.011662,0.221112,0.000000,-0.001570,0.998951,0.045762,0.000000,-0.221413,0.044279,-0.974174,0.000000,1.611336,0.869328,1.759530,1.000000
-0.963788,-0.016368,0.266168,0.000000,-0.005371,0.999103,0.041994,0.000000,-0.266616,0.039044,-0.963012,0.000000,0.705393,1.623726,2.112848,1.000000
-0.971987,-0.001082,0.235032,0.000000,0.003137,0.999841,0.017576,0.000000,-0.235013,0.017821,-0.971829,0.000000,0.271353,1.492095,1.204395,1.000000
-0.960765,-0.028979,0.275845,0.000000,-0.022890,0.999419,0.025266,0.000000,-0.276417,0.017961,-0.960870,0.000000,1.105060,1.208319,1.978397,1.000000
-0.969583,0.000056,0.244763,0.000000,0.005984,0.999706,0.023476,0.000000,-0.244690,0.024226,-0.969299,0.000000,0.334831,0.635167,1.883593,1.000000
-0.959786,-0.006172,0.280665,0.000000,0.001214,0.999658,0.026134,0.000000,-0.280730,0.025424,-0.959450,0.000000,1.481619,0.664061,1.920565,1.000000
-0.967587,0.006381,0.252457,0.000000,0.013222,0.999590,0.025413,0.000000,-0.252192,0.027928,-0.967274,0.000000,1.809717,0.658856,1.015447,1.000000
-0.960625,0.015480,0.277416,0.000000,0.017574,0.999833,0.005064,0.000000,-0.277291,0.009739,-0.960737,0.000000,1.380363,1.132912,1.729623,1.000000
-0.948510,0.012401,0.316505,0.000000,0.015855,0.999840,0.008340,0.000000,-0.316351,0.012929,-0.948554,0.000000,1.207806,1.197971,1.767054,1.000000
-0.948462,-0.011912,0.316667,0.000000,-0.010004,0.999921,0.007649,0.000000,-0.316733,0.004087,-0.948506,0.000000,1.153427,1.963411,2.108312,1.000000
-0.948421,0.014902,0.316662,0.000000,0.019558,0.999742,0.011530,0.000000,-0.316409,0.017129,-0.948468,0.000000,1.417294,2.018717,0.967664,1.000000
-0.937741,0.015575,0.346987,0.000000,0.014558,0.999879,-0.005539,0.000000,-0.347031,-0.000143,-0.937853,0.000000,1.636658,1.238883,1.716838,1.000000
-0.944164,0.008915,0.329355,0.000000,0.014303,0.999801,0.013940,0.000000,-0.329166,0.017872,-0.944103,0.000000,1.800657,1.324601,2.424999,1.000000
-0.932181,0.027942,0.360913,0.000000,0.043023,0.998502,0.033817,0.000000,-0.359427,0.047051,-0.931986,0.000000,0.495066,1.088563,1.333983,1.000000
-0.941899,0.024977,0.334966,0.000000,0.029623,0.999523,0.008769,0.000000,-0.334587,0.018182,-0.942190,0.000000,1.919375,2.146912,2.383795,1.000000
-0.927619,0.035069,0.371879,0.000000,0.040521,0.999155,0.006855,0.000000,-0.371324,0.021428,-0.928256,0.000000,0.577489,1.333266,1.495656,1.000000
-0.931199,0.005584,0.364468,0.000000,0.015183,0.999609,0.023479,0.000000,-0.364194,0.027397,-0.930920,0.000000,1.747784,1.762845,1.469553,1.000000
-0.926592,0.036362,0.374305,0.000000,0.042864,0.999040,0.009058,0.000000,-0.373616,0.024438,-0.927261,0.000000,1.135462,1.756313,1.222430,1.000000
-0.929395,0.016907,0.368698,0.000000,0.027054,0.999384,0.022370,0.000000,-0.368093,0.030765,-0.929280,0.000000,0.469062,0.944020,1.274801,1.000000
-0.916693,0.036470,0.397924,0.000000,0.041552,0.999128,0.004151,0.000000,-0.397425,0.020339,-0.917409,0.000000,1.299920,2.058399,1.208757,1.000000
-0.919818,0.013813,0.392102,0.000000,0.016991,0.999845,0.004637,0.000000,-0.391978,0.010927,-0.919910,0.000000,1.955738,1.040378,0.856398,1.000000
-0.927280,0.013236,0.374134,0.000000,0.026128,0.999226,0.029408,0.000000,-0.373455,0.037045,-0.926908,0.000000,1.802587,1.163499,2.086975,1.000000
-0.910394,0.014217,0.413498,0.000000,0.018664,0.999803,0.006716,0.000000,-0.413321,0.013832,-0.910480,0.000000,2.445267,1.313646,2.185296,1.000000
-0.907847,0.022461,0.418699,0.000000,0.041503,0.998474,0.036426,0.000000,-0.417242,0.050446,-0.907394,0.000000,1.287607,1.782681,2.063672,1.000000
-0.908999,0.012856,0.416600,0.000000,0.023758,0.999497,0.020996,0.000000,-0.416121,0.028983,-0.908847,0.000000,0.662079,0.510381,0.678883,1.000000