-0.999762,0.000000,0.021799,0.000000,0.000000,1.000000,0.000000,0.000000,-0.021799,0.000000,-0.999762,0.000000,0.790932,1.300000,1.462270,1.000000
-0.999764,0.000229,0.021715,0.000000,0.000209,1.000000,-0.000900,0.000000,-0.021715,-0.000896,-0.999763,0.000000,0.795672,1.298921,1.462257,1.000000
-0.999819,-0.000111,0.019009,0.000000,-0.000152,0.999998,-0.002165,0.000000,-0.019008,-0.002168,-0.999817,0.000000,0.793882,1.299701,1.463486,1.000000
-0.999807,-0.000455,0.019609,0.000000,-0.000494,0.999998,-0.002000,0.000000,-0.019608,-0.002009,-0.999805,0.000000,0.796909,1.298891,1.461870,1.000000
-0.999821,-0.000617,0.018893,0.000000,-0.000667,0.999996,-0.002650,0.000000,-0.018892,-0.002662,-0.999818,0.000000,0.796038,1.299451,1.462799,1.000000
-0.999825,-0.000412,0.018693,0.000000,-0.000453,0.999997,-0.002228,0.000000,-0.018692,-0.002236,-0.999822,0.000000,0.796154,1.299601,1.462476,1.000000
-0.999822,-0.000278,0.018842,0.000000,-0.000320,0.999997,-0.002250,0.000000,-0.018841,-0.002255,-0.999820,0.000000,0.797597,1.299442,1.462615,1.000000
-0.999816,-0.000835,0.019146,0.000000,-0.000876,0.999997,-0.002092,0.000000,-0.019145,-0.002108,-0.999814,0.000000,0.799581,1.300052,1.462522,1.000000
-0.999821,-0.001455,0.018864,0.000000,-0.001484,0.999998,-0.001502,0.000000,-0.018862,-0.001530,-0.999821,0.000000,0.799665,1.298902,1.461960,1.000000
-0.999821,-0.002447,0.018734,0.000000,-0.002482,0.999995,-0.001840,0.000000,-0.018730,-0.001886,-0.999822,0.000000,0.800655,1.299782,1.461238,1.000000
-0.999816,-0.003790,0.018797,0.000000,-0.003811,0.999992,-0.001109,0.000000,-0.018793,-0.001180,-0.999822,0.000000,0.800687,1.300012,1.462057,1.000000
-0.999776,-0.004948,0.020538,0.000000,-0.004957,0.999988,-0.000410,0.000000,-0.020535,-0.000512,-0.999789,0.000000,0.803132,1.300193,1.461414,1.000000
-0.999776,-0.005437,0.020422,0.000000,-0.005421,0.999985,0.000831,0.000000,-0.020426,0.000720,-0.999791,0.000000,0.803093,1.299113,1.462045,1.000000
-0.999745,-0.005677,0.021828,0.000000,-0.005667,0.999984,0.000500,0.000000,-0.021831,0.000376,-0.999761,0.000000,0.806169,1.297993,1.461198,1.000000
-0.999749,-0.006134,0.021512,0.000000,-0.006151,0.999981,-0.000740,0.000000,-0.021507,-0.000873,-0.999768,0.000000,0.805363,1.299804,1.462305,1.000000
-0.999705,-0.006674,0.023356,0.000000,-0.006667,0.999978,0.000377,0.000000,-0.023358,0.000221,-0.999727,0.000000,0.807479,1.301135,1.463700,1.000000
-0.999682,-0.006769,0.024295,0.000000,-0.006711,0.999974,0.002472,0.000000,-0.024311,0.002308,-0.999701,0.000000,0.808996,1.300995,1.462666,1.000000
-0.999652,-0.007482,0.025287,0.000000,-0.007392,0.999966,0.003651,0.000000,-0.025314,0.003463,-0.999673,0.000000,0.810497,1.300726,1.463064,1.000000
-0.999588,-0.008594,0.027373,0.000000,-0.008477,0.999954,0.004410,0.000000,-0.027410,0.004176,-0.999615,0.000000,0.813560,1.301976,1.463347,1.000000
-0.999521,-0.008976,0.029594,0.000000,-0.008796,0.999942,0.006209,0.000000,-0.029648,0.005946,-0.999542,0.000000,0.816506,1.301067,1.462943,1.000000
-0.999427,-0.008670,0.032704,0.000000,-0.008466,0.999944,0.006372,0.000000,-0.032757,0.006091,-0.999444,0.000000,0.822204,1.301889,1.463279,1.000000
-0.999392,-0.008680,0.033753,0.000000,-0.008426,0.999935,0.007658,0.000000,-0.033817,0.007369,-0.999400,0.000000,0.821642,1.302779,1.464971,1.000000
-0.999222,-0.008656,0.038479,0.000000,-0.008286,0.999918,0.009786,0.000000,-0.038561,0.009460,-0.999211,0.000000,0.830035,1.301301,1.465398,1.000000
-0.999139,-0.009279,0.040431,0.000000,-0.008897,0.999914,0.009608,0.000000,-0.040517,0.009240,-0.999136,0.000000,0.831192,1.300072,1.466163,1.000000
-0.998935,-0.009114,0.045226,0.000000,-0.008767,0.999931,0.007871,0.000000,-0.045295,0.007466,-0.998945,0.000000,0.837444,1.301613,1.465147,1.000000
-0.998727,-0.008043,0.049794,0.000000,-0.007610,0.999932,0.008876,0.000000,-0.049862,0.008486,-0.998720,0.000000,0.843142,1.302325,1.467213,1.000000
-0.998561,-0.006720,0.053203,0.000000,-0.006183,0.999928,0.010262,0.000000,-0.053268,0.009919,-0.998531,0.000000,0.847962,1.300546,1.467398,1.000000
-0.998330,-0.005272,0.057521,0.000000,-0.004740,0.999945,0.009385,0.000000,-0.057567,0.009097,-0.998300,0.000000,0.854085,1.300338,1.470025,1.000000
-0.998005,-0.004399,0.062969,0.000000,-0.003848,0.999953,0.008876,0.000000,-0.063005,0.008616,-0.997976,0.000000,0.863640,1.301130,1.467826,1.000000
-0.997770,-0.003778,0.066641,0.000000,-0.003117,0.999945,0.010018,0.000000,-0.066675,0.009788,-0.997726,0.000000,0.870125,1.300392,1.469515,1.000000
-0.997458,-0.002906,0.071196,0.000000,-0.002218,0.999950,0.009744,0.000000,-0.071221,0.009562,-0.997414,0.000000,0.876968,1.300034,1.471647,1.000000
-0.997223,-0.001635,0.074452,0.000000,-0.000956,0.999958,0.009144,0.000000,-0.074464,0.009047,-0.997182,0.000000,0.882506,1.300416,1.471796,1.000000
-0.996513,-0.002151,0.083401,0.000000,-0.001395,0.999957,0.009119,0.000000,-0.083417,0.008971,-0.996474,0.000000,0.910788,1.301073,1.471499,1.000000
-0.996368,0.000277,0.085152,0.000000,0.001114,0.999951,0.009787,0.000000,-0.085145,0.009846,-0.996320,0.000000,0.914279,1.300324,1.474104,1.000000
-0.996207,0.003890,0.086921,0.000000,0.004677,0.999950,0.008856,0.000000,-0.086882,0.009229,-0.996175,0.000000,0.920020,1.299467,1.475759,1.000000
-0.995873,0.005463,0.090590,0.000000,0.006154,0.999954,0.007355,0.000000,-0.090545,0.007882,-0.995861,0.000000,0.930841,1.301519,1.474263,1.000000
-0.995372,0.005808,0.095914,0.000000,0.006671,0.999940,0.008677,0.000000,-0.095858,0.009276,-0.995351,0.000000,0.942655,1.302061,1.473265,1.000000
-0.995127,0.005369,0.098454,0.000000,0.006367,0.999931,0.009827,0.000000,-0.098394,0.010406,-0.995093,0.000000,0.945913,1.302713,1.476575,1.000000
-0.994560,0.004365,0.104067,0.000000,0.005565,0.999921,0.011242,0.000000,-0.104010,0.011760,-0.994506,0.000000,0.955850,1.304365,1.475648,1.000000
-0.993935,0.002862,0.109925,0.000000,0.004441,0.999890,0.014124,0.000000,-0.109873,0.014527,-0.993839,0.000000,0.966207,1.305487,1.473702,1.000000
-0.993283,0.002277,0.115688,0.000000,0.004359,0.999833,0.017744,0.000000,-0.115629,0.018129,-0.993127,0.000000,0.979501,1.304019,1.471191,1.000000
-0.993105,0.001427,0.117214,0.000000,0.003664,0.999815,0.018869,0.000000,-0.117166,0.019168,-0.992927,0.000000,0.986222,1.303560,1.467694,1.000000
-0.992820,-0.000074,0.119616,0.000000,0.002288,0.999805,0.019609,0.000000,-0.119594,0.019742,-0.992626,0.000000,0.992542,1.304272,1.469657,1.000000
-0.992582,-0.001516,0.121566,0.000000,0.001060,0.999776,0.021126,0.000000,-0.121570,0.021098,-0.992358,0.000000,1.000897,1.302223,1.465774,1.000000
-0.992433,-0.002629,0.122759,0.000000,-0.000172,0.999800,0.020020,0.000000,-0.122787,0.019847,-0.992234,0.000000,1.006867,1.301694,1.465544,1.000000
-0.992379,-0.004659,0.123134,0.000000,-0.002413,0.999828,0.018383,0.000000,-0.123198,0.017946,-0.992219,0.000000,1.009857,1.303555,1.465798,1.000000
-0.992210,-0.006341,0.124409,0.000000,-0.003982,0.999808,0.019197,0.000000,-0.124507,0.018552,-0.992045,0.000000,1.014345,1.303816,1.464600,1.000000
-0.991868,-0.006399,0.127106,0.000000,-0.003951,0.999802,0.019500,0.000000,-0.127205,0.018839,-0.991697,0.000000,1.021614,1.302728,1.463642,1.000000
-0.991235,-0.005431,0.131993,0.000000,-0.003112,0.999837,0.017763,0.000000,-0.132068,0.017197,-0.991091,0.000000,1.035826,1.303029,1.458411,1.000000
-0.991408,-0.004735,0.130720,0.000000,-0.002566,0.999856,0.016753,0.000000,-0.130781,0.016273,-0.991277,0.000000,1.034211,1.303190,1.461457,1.000000
-0.991232,-0.004702,0.132044,0.000000,-0.002751,0.999884,0.014950,0.000000,-0.132099,0.014455,-0.991131,0.000000,1.038202,1.302811,1.462080,1.000000
-0.991134,-0.006140,0.132725,0.000000,-0.004561,0.999915,0.012203,0.000000,-0.132789,0.011489,-0.991077,0.000000,1.040225,1.305182,1.465256,1.000000
-0.990658,-0.008149,0.136127,0.000000,-0.006531,0.999903,0.012325,0.000000,-0.136214,0.011321,-0.990614,0.000000,1.053186,1.306754,1.459202,1.000000
-0.990677,-0.010433,0.135828,0.000000,-0.008624,0.999866,0.013902,0.000000,-0.135955,0.012601,-0.990635,0.000000,1.055457,1.306004,1.459453,1.000000
-0.989585,-0.011717,0.143468,0.000000,-0.009894,0.999861,0.013418,0.000000,-0.143605,0.011859,-0.989564,0.000000,1.075234,1.305576,1.449859,1.000000
-0.989408,-0.012329,0.144633,0.000000,-0.010717,0.999872,0.011917,0.000000,-0.144762,0.010241,-0.989413,0.000000,1.080103,1.308267,1.449163,1.000000
-0.988959,-0.011201,0.147764,0.000000,-0.009254,0.999861,0.013853,0.000000,-0.147899,0.012333,-0.988925,0.000000,1.089378,1.308918,1.446170,1.000000
-0.988115,-0.008711,0.153470,0.000000,-0.006459,0.999864,0.015167,0.000000,-0.153581,0.013995,-0.988037,0.000000,1.103420,1.306589,1.440173,1.000000
-0.988000,-0.006066,0.154335,0.000000,-0.004066,0.999904,0.013275,0.000000,-0.154400,0.012488,-0.987929,0.000000,1.106583,1.308301,1.442044,1.000000
-0.987538,-0.003577,0.157337,0.000000,-0.001369,0.999899,0.014142,0.000000,-0.157372,0.013750,-0.987443,0.000000,1.113362,1.309783,1.442116,1.000000
-0.985596,-0.000813,0.169115,0.000000,0.001896,0.999872,0.015859,0.000000,-0.169106,0.015951,-0.985468,0.000000,1.136928,1.309185,1.431280,1.000000
-0.984454,0.001957,0.175629,0.000000,0.005035,0.999841,0.017080,0.000000,-0.175567,0.017699,-0.984308,0.000000,1.145545,1.310326,1.429932,1.000000
-0.983026,0.006142,0.183361,0.000000,0.009854,0.999765,0.019335,0.000000,-0.183199,0.020813,-0.982855,0.000000,1.158019,1.309128,1.425099,1.000000
-0.981499,0.010300,0.191190,0.000000,0.014463,0.999687,0.020393,0.000000,-0.190920,0.022781,-0.981341,0.000000,1.171744,1.309290,1.421059,1.000000
-0.980096,0.012643,0.198117,0.000000,0.017505,0.999587,0.022806,0.000000,-0.197747,0.025820,-0.979913,0.000000,1.182391,1.307992,1.418876,1.000000
-0.978623,0.014696,0.205135,0.000000,0.020077,0.999506,0.024176,0.000000,-0.204679,0.027778,-0.978435,0.000000,1.192618,1.305503,1.416373,1.000000
-0.977269,0.015744,0.211415,0.000000,0.021217,0.999495,0.023645,0.000000,-0.210936,0.027594,-0.977110,0.000000,1.203778,1.305716,1.416829,1.000000
-0.976115,0.015157,0.216721,0.000000,0.021087,0.999463,0.025075,0.000000,-0.216225,0.029046,-0.975911,0.000000,1.213242,1.305447,1.412132,1.000000
-0.974985,0.013988,0.221828,0.000000,0.020625,0.999405,0.027631,0.000000,-0.221309,0.031515,-0.974694,0.000000,1.222193,1.303659,1.412297,1.000000
-0.974388,0.011447,0.224582,0.000000,0.018489,0.999400,0.029278,0.000000,-0.224112,0.032680,-0.974015,0.000000,1.229437,1.303072,1.415220,1.000000
-0.972194,0.003893,0.234145,0.000000,0.011950,0.999384,0.033000,0.000000,-0.233872,0.034880,-0.971641,0.000000,1.245484,1.297915,1.411939,1.000000
-0.970818,0.001004,0.239815,0.000000,0.009082,0.999428,0.032580,0.000000,-0.239645,0.033807,-0.970272,0.000000,1.255432,1.296536,1.410052,1.000000
-0.970267,-0.002146,0.242026,0.000000,0.005924,0.999451,0.032608,0.000000,-0.241963,0.033072,-0.969721,0.000000,1.257636,1.294868,1.413155,1.000000
-0.969921,-0.004920,0.243370,0.000000,0.003197,0.999452,0.032948,0.000000,-0.243399,0.032735,-0.969373,0.000000,1.259091,1.291199,1.415914,1.000000
-0.969425,-0.007004,0.245286,0.000000,0.000459,0.999539,0.030357,0.000000,-0.245385,0.029542,-0.968975,0.000000,1.257313,1.288061,1.424064,1.000000
-0.968557,-0.008611,0.248641,0.000000,-0.002212,0.999659,0.026004,0.000000,-0.248780,0.024636,-0.968246,0.000000,1.257922,1.287754,1.430853,1.000000
-0.967740,-0.009052,0.251787,0.000000,-0.003205,0.999716,0.023623,0.000000,-0.251929,0.022054,-0.967494,0.000000,1.256362,1.286486,1.438078,1.000000
-0.965962,-0.008519,0.258542,0.000000,-0.002927,0.999754,0.022006,0.000000,-0.258666,0.020500,-0.965749,0.000000,1.263306,1.283418,1.440077,1.000000
-0.964505,-0.007481,0.263957,0.000000,-0.002663,0.999823,0.018603,0.000000,-0.264050,0.017240,-0.964355,0.000000,1.266841,1.280570,1.443711,1.000000
-0.962109,-0.006026,0.272596,0.000000,-0.002250,0.999897,0.014162,0.000000,-0.272653,0.013012,-0.962024,0.000000,1.278717,1.281532,1.440451,1.000000
-0.959677,-0.004157,0.281075,0.000000,-0.000273,0.999904,0.013856,0.000000,-0.281105,0.013220,-0.959585,0.000000,1.287177,1.281454,1.440737,1.000000
-0.957324,-0.001743,0.289010,0.000000,0.002488,0.999895,0.014271,0.000000,-0.289005,0.014380,-0.957219,0.000000,1.295012,1.279387,1.443687,1.000000
-0.954441,-0.000110,0.298397,0.000000,0.004109,0.999900,0.013512,0.000000,-0.298369,0.014123,-0.954346,0.000000,1.307531,1.280520,1.443164,1.000000
-0.950881,0.000909,0.309554,0.000000,0.005960,0.999864,0.015370,0.000000,-0.309498,0.016460,-0.950757,0.000000,1.321110,1.279553,1.442478,1.000000
-0.946720,0.003345,0.322038,0.000000,0.008771,0.999843,0.015401,0.000000,-0.321936,0.017405,-0.946601,0.000000,1.335815,1.278835,1.438106,1.000000
-0.944279,0.007093,0.329069,0.000000,0.012804,0.999803,0.015189,0.000000,-0.328896,0.018556,-0.944183,0.000000,1.345554,1.279957,1.438204,1.000000
-0.941690,0.010997,0.336301,0.000000,0.017378,0.999721,0.015970,0.000000,-0.336031,0.020883,-0.941619,0.000000,1.358564,1.279610,1.437590,1.000000
-0.939413,0.014938,0.342462,0.000000,0.021633,0.999642,0.015740,0.000000,-0.342104,0.022195,-0.939399,0.000000,1.367883,1.279403,1.437237,1.000000
-0.937551,0.018568,0.347350,0.000000,0.025251,0.999573,0.014723,0.000000,-0.346928,0.022574,-0.937620,0.000000,1.375414,1.281205,1.438313,1.000000
-0.934610,0.020928,0.355058,0.000000,0.028488,0.999465,0.016077,0.000000,-0.354531,0.025141,-0.934706,0.000000,1.389849,1.282457,1.434968,1.000000
-0.931222,0.022403,0.363762,0.000000,0.031278,0.999339,0.018525,0.000000,-0.363107,0.028629,-0.931307,0.000000,1.404922,1.280329,1.429448,1.000000
-0.929923,0.023743,0.366985,0.000000,0.032499,0.999315,0.017697,0.000000,-0.366314,0.028384,-0.930058,0.000000,1.409766,1.281261,1.432743,1.000000
-0.928057,0.024471,0.371633,0.000000,0.033471,0.999281,0.017785,0.000000,-0.370931,0.028944,-0.928209,0.000000,1.417006,1.283633,1.433015,1.000000
-0.925392,0.025325,0.378162,0.000000,0.035357,0.999182,0.019608,0.000000,-0.377357,0.031516,-0.925531,0.000000,1.429907,1.282304,1.426182,1.000000
-0.922971,0.026106,0.383982,0.000000,0.036178,0.999164,0.019029,0.000000,-0.383164,0.031455,-0.923144,0.000000,1.440077,1.282857,1.426391,1.000000
-0.921559,0.026245,0.387350,0.000000,0.036386,0.999160,0.018867,0.000000,-0.386529,0.031481,-0.921739,0.000000,1.445584,1.285587,1.424360,1.000000
-0.918355,0.026450,0.394871,0.000000,0.037897,0.999056,0.021216,0.000000,-0.393938,0.034449,-0.918491,0.000000,1.460058,1.286209,1.419974,1.000000
-0.916871,0.026650,0.398293,0.000000,0.039185,0.998959,0.023365,0.000000,-0.397255,0.037030,-0.916960,0.000000,1.465523,1.284799,1.416734,1.000000
-0.914828,0.026663,0.402961,0.000000,0.039238,0.998966,0.022983,0.000000,-0.401931,0.036837,-0.914928,0.000000,1.473697,1.285270,1.412504,1.000000
-0.912458,0.026140,0.408334,0.000000,0.038749,0.998993,0.022637,0.000000,-0.407331,0.036478,-0.912551,0.000000,1.482178,1.286970,1.406298,1.000000
-0.911499,0.024813,0.410552,0.000000,0.037882,0.999000,0.023727,0.000000,-0.409553,0.037180,-0.911528,0.000000,1.485735,1.288430,1.404590,1.000000
-0.908578,0.024158,0.417015,0.000000,0.037875,0.998978,0.024649,0.000000,-0.415993,0.038190,-0.908565,0.000000,1.496286,1.288870,1.397729,1.000000
-0.904789,0.024619,0.425147,0.000000,0.038614,0.998958,0.024330,0.000000,-0.424105,0.038430,-0.904797,0.000000,1.508698,1.290629,1.384645,1.000000
-0.902915,0.025864,0.429040,0.000000,0.040761,0.998842,0.025569,0.000000,-0.427882,0.040575,-0.902923,0.000000,1.511455,1.290869,1.382804,1.000000
-0.900353,0.027691,0.434278,0.000000,0.042717,0.998777,0.024876,0.000000,-0.433058,0.040948,-0.900435,0.000000,1.517728,1.290229,1.377616,1.000000
-0.899558,0.029183,0.435824,0.000000,0.043500,0.998791,0.022907,0.000000,-0.434629,0.039565,-0.899740,0.000000,1.518142,1.293520,1.381278,1.000000
-0.896637,0.028415,0.441853,0.000000,0.043772,0.998739,0.024599,0.000000,-0.440597,0.041398,-0.896750,0.000000,1.527609,1.294509,1.372620,1.000000
-0.894644,0.028798,0.445850,0.000000,0.045329,0.998622,0.026456,0.000000,-0.444473,0.043878,-0.894716,0.000000,1.529379,1.294469,1.371511,1.000000
-0.890674,0.030153,0.453641,0.000000,0.047562,0.998503,0.027012,0.000000,-0.452147,0.045635,-0.890775,0.000000,1.537057,1.295028,1.362951,1.000000
-0.887195,0.031264,0.460334,0.000000,0.049767,0.998365,0.028112,0.000000,-0.458702,0.047850,-0.887300,0.000000,1.543257,1.296347,1.356125,1.000000
-0.882983,0.031985,0.468313,0.000000,0.052343,0.998163,0.030516,0.000000,-0.466476,0.051458,-0.883035,0.000000,1.550956,1.295786,1.348095,1.000000
-0.879540,0.033145,0.474668,0.000000,0.054769,0.997993,0.031797,0.000000,-0.472662,0.053964,-0.879590,0.000000,1.555090,1.295926,1.343784,1.000000
-0.874172,0.035073,0.484348,0.000000,0.058116,0.997776,0.032640,0.000000,-0.482126,0.056681,-0.874266,0.000000,1.565553,1.296094,1.331263,1.000000
-0.871577,0.036445,0.488902,0.000000,0.061244,0.997515,0.034821,0.000000,-0.486418,0.060291,-0.871643,0.000000,1.566300,1.296104,1.329386,1.000000
-0.866287,0.037921,0.498104,0.000000,0.064850,0.997214,0.036866,0.000000,-0.495318,0.064238,-0.866333,0.000000,1.576363,1.293532,1.317134,1.000000
-0.862433,0.039501,0.504627,0.000000,0.066813,0.997111,0.036136,0.000000,-0.501741,0.064881,-0.862581,0.000000,1.583830,1.290570,1.306518,1.000000
-0.858769,0.039924,0.510804,0.000000,0.066346,0.997231,0.033599,0.000000,-0.508048,0.062744,-0.859040,0.000000,1.589303,1.292180,1.302208,1.000000
-0.854762,0.038660,0.517578,0.000000,0.065946,0.997229,0.034419,0.000000,-0.514813,0.063552,-0.854943,0.000000,1.595473,1.292609,1.295032,1.000000
-0.850542,0.037521,0.524566,0.000000,0.066004,0.997181,0.035695,0.000000,-0.521748,0.064983,-0.850621,0.000000,1.602073,1.291348,1.286626,1.000000
-0.845771,0.035942,0.532333,0.000000,0.065251,0.997207,0.036342,0.000000,-0.529540,0.065472,-0.845754,0.000000,1.611048,1.291734,1.268646,1.000000
-0.843464,0.034256,0.536092,0.000000,0.065518,0.997074,0.039370,0.000000,-0.533175,0.068330,-0.843241,0.000000,1.612597,1.290314,1.267842,1.000000
-0.840035,0.034390,0.541441,0.000000,0.066415,0.997001,0.039716,0.000000,-0.538451,0.069322,-0.839800,0.000000,1.618099,1.286174,1.261341,1.000000
-0.834708,0.035606,0.549540,0.000000,0.066177,0.997162,0.035909,0.000000,-0.546702,0.066340,-0.834695,0.000000,1.627006,1.285390,1.245203,1.000000
-0.830592,0.037113,0.555643,0.000000,0.066846,0.997207,0.033317,0.000000,-0.552854,0.064816,-0.830753,0.000000,1.631280,1.285580,1.240088,1.000000
-0.826642,0.037822,0.561455,0.000000,0.067457,0.997204,0.032143,0.000000,-0.558669,0.064445,-0.826882,0.000000,1.635930,1.284388,1.232645,1.000000
-0.820562,0.037396,0.570332,0.000000,0.067096,0.997260,0.031145,0.000000,-0.567604,0.063823,-0.820823,0.000000,1.645046,1.283445,1.215482,1.000000
-0.816090,0.036518,0.576770,0.000000,0.066794,0.997274,0.031367,0.000000,-0.574052,0.064123,-0.816304,0.000000,1.650388,1.283624,1.209545,1.000000
-0.811948,0.036269,0.582601,0.000000,0.067418,0.997215,0.031878,0.000000,-0.579823,0.065161,-0.812132,0.000000,1.654219,1.283253,1.202759,1.000000
-0.805708,0.037123,0.591147,0.000000,0.069000,0.997122,0.031426,0.000000,-0.588279,0.066110,-0.805951,0.000000,1.662523,1.283338,1.184484,1.000000
-0.801168,0.038888,0.597173,0.000000,0.071772,0.996928,0.031371,0.000000,-0.594119,0.067994,-0.801498,0.000000,1.666068,1.282768,1.180316,1.000000
-0.797193,0.040559,0.602360,0.000000,0.073860,0.996798,0.030633,0.000000,-0.599188,0.068911,-0.797636,0.000000,1.666501,1.283089,1.182587,1.000000
-0.789068,0.041248,0.612918,0.000000,0.075716,0.996666,0.030403,0.000000,-0.609621,0.070398,-0.789561,0.000000,1.676335,1.282865,1.163268,1.000000
-0.779767,0.042533,0.624622,0.000000,0.078443,0.996465,0.030074,0.000000,-0.621135,0.072448,-0.780347,0.000000,1.684763,1.280411,1.146650,1.000000
-0.773243,0.044635,0.632537,0.000000,0.080161,0.996397,0.027682,0.000000,-0.629022,0.072110,-0.774035,0.000000,1.687917,1.280031,1.142631,1.000000
-0.765975,0.047163,0.641137,0.000000,0.082130,0.996312,0.024832,0.000000,-0.637601,0.071678,-0.767024,0.000000,1.694600,1.279968,1.130362,1.000000
-0.760606,0.050037,0.647282,0.000000,0.084734,0.996148,0.022563,0.000000,-0.643659,0.072008,-0.761917,0.000000,1.699647,1.279606,1.121030,1.000000
-0.754274,0.052797,0.654433,0.000000,0.086888,0.996022,0.019789,0.000000,-0.650785,0.071788,-0.755860,0.000000,1.705170,1.280436,1.116168,1.000000
-0.746915,0.054985,0.662641,0.000000,0.089585,0.995810,0.018348,0.000000,-0.658856,0.073067,-0.748712,0.000000,1.711083,1.282476,1.110768,1.000000
-0.737439,0.056459,0.673049,0.000000,0.093966,0.995385,0.019457,0.000000,-0.668845,0.077592,-0.739341,0.000000,1.720063,1.281733,1.096269,1.000000
-0.729895,0.057405,0.681144,0.000000,0.097547,0.995016,0.020671,0.000000,-0.676563,0.081532,-0.731857,0.000000,1.725375,1.280493,1.090622,1.000000
-0.720494,0.058673,0.690974,0.000000,0.100556,0.994722,0.020387,0.000000,-0.686132,0.084170,-0.722591,0.000000,1.734244,1.280450,1.075715,1.000000
-0.713186,0.060710,0.698341,0.000000,0.104779,0.994283,0.020569,0.000000,-0.693099,0.087841,-0.715470,0.000000,1.739301,1.278188,1.065592,1.000000
-0.706070,0.063237,0.705312,0.000000,0.107165,0.994076,0.018153,0.000000,-0.699985,0.088402,-0.708664,0.000000,1.745421,1.276476,1.057547,1.000000
-0.699763,0.065184,0.711394,0.000000,0.107743,0.994067,0.014896,0.000000,-0.706203,0.087071,-0.702635,0.000000,1.750822,1.277376,1.050688,1.000000
-0.692639,0.066253,0.718235,0.000000,0.108364,0.994029,0.012808,0.000000,-0.713097,0.086702,-0.695683,0.000000,1.756428,1.277274,1.041113,1.000000
-0.681293,0.066086,0.729021,0.000000,0.108388,0.994046,0.011182,0.000000,-0.723941,0.086635,-0.684399,0.000000,1.766159,1.278039,1.019966,1.000000
-0.675303,0.065370,0.734638,0.000000,0.109148,0.993954,0.011887,0.000000,-0.729419,0.088211,-0.678355,0.000000,1.767474,1.278188,1.016566,1.000000
-0.667442,0.064935,0.741825,0.000000,0.110114,0.993846,0.012078,0.000000,-0.736475,0.089746,-0.670484,0.000000,1.771589,1.277426,1.005424,1.000000
-0.661060,0.064694,0.747538,0.000000,0.110810,0.993769,0.011987,0.000000,-0.742105,0.090759,-0.664110,0.000000,1.775017,1.277674,0.996587,1.000000
-0.655009,0.063993,0.752906,0.000000,0.111934,0.993632,0.012927,0.000000,-0.747284,0.092743,-0.658000,0.000000,1.778093,1.277231,0.986758,1.000000
-0.648121,0.063856,0.758855,0.000000,0.113202,0.993486,0.013084,0.000000,-0.753076,0.094383,-0.651127,0.000000,1.780954,1.275878,0.975903,1.000000
-0.641351,0.064438,0.764536,0.000000,0.114047,0.993404,0.011943,0.000000,-0.758723,0.094853,-0.644470,0.000000,1.784407,1.276926,0.967286,1.000000
-0.634326,0.065578,0.770279,0.000000,0.116569,0.993117,0.011445,0.000000,-0.764226,0.097051,-0.637604,0.000000,1.788618,1.277543,0.954861,1.000000
-0.628204,0.067720,0.775095,0.000000,0.120331,0.992675,0.010797,0.000000,-0.768687,0.100050,-0.631752,0.000000,1.790112,1.278421,0.947226,1.000000
-0.619832,0.070323,0.781576,0.000000,0.125024,0.992105,0.009885,0.000000,-0.774710,0.103843,-0.623731,0.000000,1.794446,1.277267,0.932248,1.000000
-0.611510,0.073141,0.787849,0.000000,0.128786,0.991641,0.007900,0.000000,-0.780685,0.106295,-0.615817,0.000000,1.796440,1.276614,0.921382,1.000000
-0.602497,0.076013,0.794493,0.000000,0.131860,0.991255,0.005157,0.000000,-0.787153,0.107869,-0.607251,0.000000,1.799042,1.276249,0.904932,1.000000
-0.595031,0.078107,0.799898,0.000000,0.133971,0.990981,0.002894,0.000000,-0.792458,0.108885,-0.600129,0.000000,1.799405,1.276876,0.897262,1.000000
-0.585661,0.079789,0.806619,0.000000,0.136566,0.990630,0.001165,0.000000,-0.798968,0.110839,-0.591070,0.000000,1.800218,1.275421,0.881811,1.000000
-0.577036,0.080234,0.812768,0.000000,0.136501,0.990639,-0.000883,0.000000,-0.805231,0.110435,-0.582586,0.000000,1.799826,1.274927,0.871177,1.000000
-0.567802,0.079807,0.819287,0.000000,0.135621,0.990758,-0.002518,0.000000,-0.811916,0.109682,-0.573378,0.000000,1.799693,1.276704,0.860037,1.000000
-0.557999,0.078777,0.826093,0.000000,0.136205,0.990678,-0.002470,0.000000,-0.818587,0.111140,-0.563527,0.000000,1.800358,1.275390,0.846949,1.000000
-0.549536,0.077317,0.831884,0.000000,0.135241,0.990809,-0.002748,0.000000,-0.824451,0.110994,-0.554942,0.000000,1.800219,1.274045,0.835070,1.000000
-0.540367,0.075505,0.838035,0.000000,0.133428,0.991053,-0.003258,0.000000,-0.830783,0.110057,-0.545606,0.000000,1.800837,1.272820,0.817092,1.000000
-0.533386,0.072806,0.842732,0.000000,0.130629,0.991427,-0.002974,0.000000,-0.835724,0.108499,-0.538324,0.000000,1.799781,1.272136,0.805812,1.000000
-0.527871,0.070429,0.846399,0.000000,0.128316,0.991730,-0.002495,0.000000,-0.839575,0.107289,-0.532543,0.000000,1.798505,1.270202,0.795457,1.000000
-0.522351,0.069288,0.849910,0.000000,0.125027,0.992145,-0.004042,0.000000,-0.843514,0.104151,-0.526911,0.000000,1.797684,1.270028,0.783052,1.000000
-0.516460,0.068104,0.853599,0.000000,0.123480,0.992337,-0.004463,0.000000,-0.847361,0.103097,-0.520912,0.000000,1.797320,1.272213,0.768617,1.000000
-0.508243,0.067233,0.858585,0.000000,0.125894,0.992039,-0.003160,0.000000,-0.851962,0.106485,-0.512661,0.000000,1.798934,1.270137,0.751348,1.000000
-0.502350,0.067480,0.862027,0.000000,0.127647,0.991814,-0.003253,0.000000,-0.855190,0.108401,-0.506852,0.000000,1.797674,1.267324,0.742193,1.000000
-0.496754,0.067966,0.865226,0.000000,0.127327,0.991849,-0.004810,0.000000,-0.858500,0.107777,-0.501359,0.000000,1.796862,1.266030,0.729288,1.000000
-0.491343,0.068193,0.868292,0.000000,0.126910,0.991896,-0.006086,0.000000,-0.861670,0.107205,-0.496015,0.000000,1.796927,1.264455,0.715273,1.000000
-0.487035,0.068645,0.870680,0.000000,0.126276,0.991966,-0.007571,0.000000,-0.864205,0.106259,-0.491790,0.000000,1.797722,1.262681,0.702643,1.000000
-0.484225,0.069304,0.872194,0.000000,0.125289,0.992077,-0.009272,0.000000,-0.865926,0.104786,-0.489071,0.000000,1.796962,1.261787,0.690756,1.000000
-0.482717,0.068921,0.873060,0.000000,0.123901,0.992246,-0.009824,0.000000,-0.866967,0.103431,-0.487514,0.000000,1.798032,1.261402,0.676049,1.000000
-0.483121,0.066691,0.873009,0.000000,0.122065,0.992488,-0.008267,0.000000,-0.867002,0.102570,-0.487633,0.000000,1.796800,1.263789,0.669085,1.000000
-0.481762,0.063452,0.874001,0.000000,0.123741,0.992307,-0.003833,0.000000,-0.867521,0.106303,-0.485908,0.000000,1.795372,1.264287,0.661844,1.000000
-0.477535,0.061483,0.876459,0.000000,0.126957,0.991908,-0.000410,0.000000,-0.869392,0.111077,-0.481476,0.000000,1.794866,1.261682,0.648272,1.000000
-0.473141,0.060248,0.878924,0.000000,0.128079,0.991763,0.000965,0.000000,-0.871626,0.113028,-0.476960,0.000000,1.793762,1.259257,0.635273,1.000000
-0.468733,0.058880,0.881375,0.000000,0.127473,0.991841,0.001533,0.000000,-0.874093,0.113070,-0.472415,0.000000,1.791388,1.258553,0.624542,1.000000
-0.462310,0.057704,0.884838,0.000000,0.127097,0.991889,0.001720,0.000000,-0.877562,0.113256,-0.465895,0.000000,1.791384,1.258289,0.610609,1.000000
-0.456384,0.055948,0.888022,0.000000,0.126974,0.991902,0.002764,0.000000,-0.880676,0.114017,-0.459792,0.000000,1.792758,1.257734,0.594275,1.000000
-0.452151,0.054729,0.890260,0.000000,0.127503,0.991831,0.003784,0.000000,-0.882781,0.115222,-0.455435,0.000000,1.790339,1.258110,0.583775,1.000000
-0.445177,0.053531,0.893840,0.000000,0.128904,0.991645,0.004812,0.000000,-0.886115,0.117362,-0.448358,0.000000,1.788474,1.257744,0.568452,1.000000
-0.436383,0.052658,0.898218,0.000000,0.130358,0.991453,0.005208,0.000000,-0.890267,0.119363,-0.439518,0.000000,1.788238,1.258018,0.550263,1.000000
-0.428032,0.051562,0.902291,0.000000,0.132962,0.991100,0.006438,0.000000,-0.893929,0.122726,-0.431079,0.000000,1.784926,1.257945,0.541953,1.000000
-0.417744,0.051206,0.907120,0.000000,0.135881,0.990703,0.006651,0.000000,-0.898346,0.126039,-0.420818,0.000000,1.782240,1.254339,0.526588,1.000000
-0.406862,0.051075,0.912060,0.000000,0.135041,0.990829,0.004755,0.000000,-0.903453,0.125100,-0.410027,0.000000,1.779705,1.251602,0.508969,1.000000
-0.397607,0.050583,0.916160,0.000000,0.132403,0.991192,0.002736,0.000000,-0.907952,0.122390,-0.400802,0.000000,1.777105,1.252687,0.494303,1.000000
-0.387174,0.050033,0.920648,0.000000,0.133297,0.991074,0.002197,0.000000,-0.912320,0.123570,-0.390388,0.000000,1.775449,1.250401,0.478005,1.000000
-0.377129,0.050869,0.924762,0.000000,0.133497,0.991049,-0.000073,0.000000,-0.916489,0.123425,-0.380545,0.000000,1.771483,1.244275,0.463098,1.000000
-0.366035,0.051900,0.929152,0.000000,0.127708,0.991799,-0.005089,0.000000,-0.921796,0.116798,-0.369661,0.000000,1.771055,1.243848,0.444823,1.000000
-0.355253,0.051465,0.933352,0.000000,0.124024,0.992251,-0.007506,0.000000,-0.926505,0.113092,-0.358883,0.000000,1.770992,1.247903,0.428610,1.000000
-0.344603,0.050242,0.937403,0.000000,0.127338,0.991839,-0.006348,0.000000,-0.930072,0.117180,-0.348188,0.000000,1.769510,1.248159,0.415699,1.000000
-0.333710,0.049302,0.941385,0.000000,0.132580,0.991160,-0.004911,0.000000,-0.933306,0.123170,-0.337297,0.000000,1.767272,1.244522,0.398884,1.000000
-0.323234,0.049661,0.945015,0.000000,0.135842,0.990715,-0.005599,0.000000,-0.936518,0.126563,-0.326979,0.000000,1.765207,1.241008,0.386996,1.000000
-0.310895,0.051288,0.949059,0.000000,0.137029,0.990529,-0.008641,0.000000,-0.940514,0.127363,-0.314979,0.000000,1.763704,1.237292,0.370235,1.000000
-0.300210,0.053773,0.952356,0.000000,0.135398,0.990703,-0.013257,0.000000,-0.944214,0.124967,-0.304699,0.000000,1.761303,1.236276,0.354564,1.000000
-0.289884,0.055702,0.955439,0.000000,0.134010,0.990832,-0.017106,0.000000,-0.947633,0.123080,-0.294691,0.000000,1.760884,1.237791,0.340660,1.000000
-0.277891,0.056719,0.958936,0.000000,0.135619,0.990573,-0.019289,0.000000,-0.950991,0.124690,-0.282964,0.000000,1.759808,1.237295,0.321959,1.000000