1,-0,0,0,0,1,-0,0,0,0,1,0,0,-0,0,1
1,-0,0,0,0,1,-0,0,0,0,1,0,0,-0,0.172157,1
1,-0,0,0,0,1,-0,0,0,0,1,0,0,-0,0.588512,1
1,-0,0,0,0,1,-0,0,0,0,1,0,0,-0,1.02148,1
1,-0,0,0,0,1,-0,0,0,0,1,0,0,-0,1.35284,1
1,-0,0,0,0,1,-0,0,0,0,1,0,0,-0,1.68869,1
1,-0,0,0,0,1,-0,0,0,0,1,0,0,-0,2.01328,1
1,-0,0,0,0,1,-0,0,0,0,1,0,0,-0,2.11718,1
1,-0,0,0,0,1,-0,0,0,0,1,0,0,-0,2.2858,1
1,-0,0,0,0,1,-0,0,0,0,1,0,0,-0,2.53798,1
1,-0,0,0,0,1,-0,0,0,0,1,0,0,-0,2.76842,1
1,-0,0,0,0,1,-0,0,0,0,1,0,0,-0,2.93583,1
1,-0,0,0,0,1,-0,0,0,0,1,0,0,-0,3.26536,1
1,-0,0,0,0,1,-0,0,0,0,1,0,0,-0,3.59232,1
1,-0,0,0,0,1,-0,0,0,0,1,0,0,-0,4.46655,1
1,-0,0,0,0,1,-0,0,0,0,1,0,0,-0,5.00002,1
1,-0,0,0,0,1,-0,0,0,0,1,0,0,-0,5.55235,1
1,-0,0,0,0,1,-0,0,0,0,1,0,0,-0,6.21656,1
1,-0,0,0,0,1,-0,0,0,0,1,0,0,-0,6.63252,1
1,-0,0,0,0,1,-0,0,0,0,1,0,0,-0,7.17295,1
1,-0,0,0,0,1,-0,0,0,0,1,0,0,-0,7.71763,1
1,-0,0,0,0,1,-0,0,0,0,1,0,0,-0,8.14049,1
1,-0,0,0,0,1,-0,0,0,0,1,0,0,-0,8.51683,1
1,-0,0,0,0,1,-0,0,0,0,1,0,0,-0,9.05529,1
1,-0,0,0,0,1,-0,0,0,0,1,0,0,-0,9.60394,1
1,-0,0,0,0,1,-0,0,0,0,1,0,0,-0,9.93885,1
1,-0,0,0,0,1,-0,0,0,0,1,0,0,-0,10.3581,1
1,-0,0,0,0,1,-0,0,0,0,1,0,0,-0,10.6883,1
1,-0,0,0,0,1,-0,0,0,0,1,0,0,-0,11.3559,1
1,-0,0,0,0,1,-0,0,0,0,1,0,0,-0,12.013,1
1,-0,0,0,0,1,-0,0,0,0,1,0,0,-0,12.4369,1
1,-0,0,0,0,1,-0,0,0,0,1,0,0,-0,12.9597,1
1,-0,0,0,0,1,-0,0,0,0,1,0,0,-0,13.507,1
1,-0,0,0,0,1,-0,0,0,0,1,0,0,-0,14.2396,1
1,-0,0,0,0,1,-0,0,0,0,1,0,0,-0,14.9054,1
1,-0,0,0,0,1,-0,0,0,0,1,0,0,-0,15.2364,1
1,-0,0,0,0,1,-0,0,0,0,1,0,0,-0,15.6511,1
1,-0,0,0,0,1,-0,0,0,0,1,0,0,-0,16.0454,1
1,-0,0,0,0,1,-0,0,0,0,1,0,0,-0,16.463,1
1,-0,0,0,0,1,-0,0,0,0,1,0,0,-0,16.8908,1
1,-0,0,0,0,1,-0,0,0,0,1,0,0,-0,17.5605,1
1,-0,0,0,0,1,-0,0,0,0,1,0,0,-0,17.9893,1
1,-0,0,0,0,1,-0,0,0,0,1,0,0,-0,18.4188,1
1,-0,0,0,0,1,-0,0,0,0,1,0,0,-0,18.8456,1
1,-0,0,0,0,1,-0,0,0,0,1,0,0,-0,19.1723,1
1,-0,0,0,0,1,-0,0,0,0,1,0,0,-0,19.6031,1
1,-0,0,0,0,1,-0,0,0,0,1,0,0,-0,19.7116,1
1,-0,0,0,0,1,-0,0,0,0,1,0,0,-0,19.8719,1
1,-0,0,0,0,1,-0,0,0,0,1,0,0,-0,20.3015,1
1,-0,0,0,0,1,-0,0,0,0,1,0,0,-0,20.6215,1
1,-0,0,0,0,1,-0,0,0,0,1,0,0,-0,20.9491,1
1,-0,0,0,0,1,-0,0,0,0,1,0,0,-0,21.2791,1
1,-0,0,0,0,1,-0,0,0,0,1,0,0,-0,21.6067,1
1,-0,0,0,0,1,-0,0,0,0,1,0,0,-0,21.9136,1
1,-0,0,0,0,1,-0,0,0,0,1,0,0,-0,22.3441,1
1,-0,0,0,0,1,-0,0,0,0,1,0,0,-0,22.5881,1
1,-0,0,0,0,1,-0,0,0,0,1,0,0,-0,23.0229,1
1,-0,0,0,0,1,-0,0,0,0,1,0,0,-0,23.2583,1
1,-0,0,0,0,1,-0,0,0,0,1,0,0,-0,23.5872,1
1,-0,0,0,0,1,-0,0,0,0,1,0,0,-0,24.018,1
1,-0,0,0,0,1,-0,0,0,0,1,0,0,-0,24.3529,1
1,-0,0,0,0,1,-0,0,0,0,1,0,0,-0,25.0221,1
1,-0,0,0,0,1,-0,0,0,0,1,0,0,-0,25.4386,1
1,-0,0,0,0,1,-0,0,0,0,1,0,0,-0,25.6891,1
1,-0,0,0,0,1,-0,0,0,0,1,0,0,-0,25.9313,1
1,-0,0,0,0,1,-0,0,0,0,1,0,0,-0,26.1041,1
1,-0,0,0,0,1,-0,0,0,0,1,0,0,-0,26.434,1
1,-0,0,0,0,1,-0,0,0,0,1,0,0,-0,26.6634,1
1,-0,0,0,0,1,-0,0,0,0,1,0,0,-0,26.9034,1
1,-0,0,0,0,1,-0,0,0,0,1,0,0,-0,27.2311,1
1,-0,0,0,0,1,-0,0,0,0,1,0,0,-0,27.5635,1
1,-0,0,0,0,1,-0,0,0,0,1,0,0,-0,27.9991,1
1,-0,0,0,0,1,-0,0,0,0,1,0,0,-0,28.2397,1
1,-0,0,0,0,1,-0,0,0,0,1,0,0,-0,28.6659,1
1,-0,0,0,0,1,-0,0,0,0,1,0,0,-0,28.9932,1
1,-0,0,0,0,1,-0,0,0,0,1,0,0,-0,29.3236,1
1,-0,0,0,0,1,-0,0,0,0,1,0,0,-0,29.6451,1
1,-0,0,0,0,1,-0,0,0,0,1,0,0,-0,30.0662,1
1,-0,0,0,0,1,-0,0,0,0,1,0,0,-0,30.2371,1
1,-0,0,0,0,1,-0,0,0,0,1,0,0,-0,30.4038,1
1,-0,0,0,0,1,-0,0,0,0,1,0,0,-0,30.7352,1
1,-0,0,0,0,1,-0,0,0,0,1,0,0,-0,30.9131,1
1,-0,0,0,0,1,-0,0,0,0,1,0,0,-0,31.1604,1
1,-0,0,0,0,1,-0,0,0,0,1,0,0,-0,31.488,1
1,-0,0,0,0,1,-0,0,0,0,1,0,0,-0,31.6558,1
1,-0,0,0,0,1,-0,0,0,0,1,0,0,-0,31.8923,1
1,-0,0,0,0,1,-0,0,0,0,1,0,0,-0,32.133,1
1,-0,0,0,0,1,-0,0,0,0,1,0,0,-0,32.4588,1
1,-0,0,0,0,1,-0,0,0,0,1,0,0,-0,32.6281,1
1,-0,0,0,0,1,-0,0,0,0,1,0,0,-0,32.8644,1
1,0,-0,0,0,0.999983,0.00581564,0,0,-0.00581564,0.999983,0,0,-0,32.8644,1
1,0,-0,0,0,0.999885,0.0151487,0,0,-0.0151487,0.999885,0,0,-0,32.8644,1
1,0,-0,0,0,0.999774,0.0212421,0,0,-0.0212421,0.999774,0,0,-0,32.8644,1
1,0,-0,0,0,0.999529,0.0306883,0,0,-0.0306883,0.999529,0,0,-0,32.8644,1
1,0,-0,0,0,0.999282,0.0378896,0,0,-0.0378896,0.999282,0,0,-0,32.8644,1
1,0,-0,0,0,0.999068,0.0431537,0,0,-0.0431537,0.999068,0,0,-0,32.8644,1
1,0,-0,0,0,0.998823,0.0484972,0,0,-0.0484972,0.998823,0,0,-0,32.8644,1
1,0,-0,0,0,0.998705,0.0508699,0,0,-0.0508699,0.998705,0,0,-0,32.8644,1
1,0,-0,0,0,0.998421,0.0561657,0,0,-0.0561657,0.998421,0,0,-0,32.8644,1
1,0,-0,0,0,0.998124,0.0612188,0,0,-0.0612188,0.998124,0,0,-0,32.8644,1
