-0.885443,-0.282356,0.369141,0,-0.0829354,0.877533,0.47229,0,-0.457287,0.387571,-0.800423,0,10.6791,-8.81453,54.3382,1
-0.885443,-0.282356,0.369141,0,-0.0829354,0.877533,0.47229,0,-0.457287,0.387571,-0.800423,0,10.5284,-8.6868,54.0744,1
-0.885443,-0.282356,0.369141,0,-0.0829354,0.877533,0.47229,0,-0.457287,0.387571,-0.800423,0,10.1566,-8.37171,53.4236,1
-0.885444,-0.282356,0.369141,0,-0.0688737,0.865235,0.496613,0,-0.459615,0.414299,-0.785564,0,10.1566,-8.37171,53.4236,1
-0.885443,-0.282356,0.369141,0,-0.0618075,0.858771,0.508618,0,-0.460619,0.427537,-0.777845,0,10.1566,-8.37171,53.4236,1
-0.873104,-0.293431,0.389341,0,-0.0618076,0.858771,0.508618,0,-0.483599,0.420012,-0.767933,0,10.1566,-8.37171,53.4236,1
-0.873104,-0.293431,0.389341,0,-0.0618076,0.858771,0.508618,0,-0.483599,0.420012,-0.767933,0,9.95811,-8.19929,53.1084,1
-0.873105,-0.293431,0.389341,0,-0.0557073,0.853409,0.518256,0,-0.48434,0.430803,-0.761462,0,9.95811,-8.19929,53.1084,1
-0.873105,-0.293431,0.389341,0,-0.0557073,0.853409,0.518256,0,-0.48434,0.430803,-0.761462,0,9.29685,-7.61111,52.0688,1
-0.873105,-0.293431,0.389341,0,-0.0557073,0.853409,0.518256,0,-0.48434,0.430803,-0.761462,0,9.29685,-7.61111,52.0688,1
-0.873105,-0.293431,0.389341,0,-0.0557073,0.853409,0.518256,0,-0.48434,0.430803,-0.761462,0,9.13158,-7.46411,51.8089,1
-0.873105,-0.293431,0.389341,0,-0.0557073,0.853409,0.518256,0,-0.48434,0.430803,-0.761462,0,8.87004,-7.23147,51.3977,1
-0.873105,-0.293431,0.389341,0,-0.0557073,0.853409,0.518256,0,-0.48434,0.430803,-0.761462,0,8.71267,-7.09151,51.1503,1
-0.873105,-0.293431,0.389341,0,-0.0557073,0.853409,0.518256,0,-0.48434,0.430803,-0.761462,0,7.77481,-6.25732,49.6758,1
-0.873105,-0.293431,0.389341,0,-0.0557073,0.853409,0.518256,0,-0.48434,0.430803,-0.761462,0,7.44437,-5.96342,49.1564,1
-0.873105,-0.293431,0.389341,0,-0.0557073,0.853409,0.518256,0,-0.48434,0.430803,-0.761462,0,7.12382,-5.67831,48.6524,1
-0.873105,-0.293431,0.389341,0,-0.0557073,0.853409,0.518256,0,-0.48434,0.430803,-0.761462,0,6.9578,-5.53064,48.3914,1
-0.873105,-0.293431,0.389341,0,-0.0557073,0.853409,0.518256,0,-0.48434,0.430803,-0.761462,0,6.51068,-5.13294,47.6884,1
-0.873105,-0.293431,0.389341,0,-0.0557073,0.853409,0.518256,0,-0.48434,0.430803,-0.761462,0,6.11923,-4.78475,47.073,1
-0.873105,-0.293431,0.389341,0,-0.0967513,0.886996,0.451527,0,-0.477836,0.356561,-0.80283,0,6.11923,-4.78475,47.073,1
-0.873105,-0.293431,0.389341,0,-0.119823,0.903252,0.412041,0,-0.472579,0.313103,-0.823793,0,5.82397,-4.56442,46.5769,1
-0.873105,-0.293431,0.389341,0,-0.134446,0.912543,0.38625,0,-0.468629,0.284892,-0.836196,0,5.50775,-4.35492,46.0257,1
-0.873105,-0.293431,0.389341,0,-0.134446,0.912543,0.38625,0,-0.468629,0.284892,-0.836196,0,5.19669,-4.16582,45.4706,1
-0.873105,-0.293431,0.389341,0,-0.148253,0.920573,0.36134,0,-0.464445,0.257767,-0.847258,0,5.19669,-4.16582,45.4706,1
-0.873105,-0.293431,0.389341,0,-0.148253,0.920573,0.36134,0,-0.464445,0.257767,-0.847258,0,4.58752,-3.82773,44.3593,1
-0.873105,-0.293431,0.389341,0,-0.148253,0.920573,0.36134,0,-0.464445,0.257767,-0.847258,0,4.29896,-3.66758,43.8329,1
-0.873105,-0.293431,0.389341,0,-0.148253,0.920573,0.36134,0,-0.464445,0.257767,-0.847258,0,4.03088,-3.51879,43.3439,1
-0.873105,-0.293431,0.389341,0,-0.166723,0.930152,0.32714,0,-0.45814,0.220716,-0.861042,0,4.03088,-3.51879,43.3439,1
-0.873105,-0.293431,0.389341,0,-0.166723,0.930152,0.32714,0,-0.45814,0.220716,-0.861042,0,3.34568,-3.18868,42.0561,1
-0.873105,-0.293431,0.389341,0,-0.166723,0.930152,0.32714,0,-0.45814,0.220716,-0.861042,0,2.25664,-2.66403,40.0093,1
-0.873105,-0.293431,0.389341,0,-0.166723,0.930152,0.32714,0,-0.45814,0.220716,-0.861042,0,1.79448,-2.44138,39.1407,1
-0.873105,-0.293431,0.389341,0,-0.166723,0.930152,0.32714,0,-0.45814,0.220716,-0.861042,0,0.830946,-1.97719,37.3299,1
-0.908487,-0.273864,0.315674,0,-0.166723,0.930152,0.32714,0,-0.383217,0.244573,-0.89069,0,0.815865,-1.96992,37.3015,1
-0.937101,-0.25267,0.240831,0,-0.166723,0.930152,0.327141,0,-0.306668,0.266412,-0.913772,0,0.815865,-1.96992,37.3015,1
-0.948074,-0.242367,0.205944,0,-0.166723,0.930152,0.327141,0,-0.270848,0.275818,-0.922261,0,0.815865,-1.96992,37.3015,1
-0.967774,-0.217876,0.12627,0,-0.166723,0.930152,0.327141,0,-0.188726,0.295546,-0.936501,0,0.815865,-1.96992,37.3015,1
-0.974258,-0.206465,0.0905205,0,-0.166723,0.930152,0.327141,0,-0.151741,0.303628,-0.94063,0,0.815865,-1.96992,37.3015,1
-0.98035,-0.191855,0.0458754,0,-0.166723,0.930152,0.327141,0,-0.105435,0.313064,-0.943861,0,0.815865,-1.96992,37.3015,1
-0.985274,-0.169927,-0.0189815,0,-0.166723,0.930152,0.327141,0,-0.0379343,0.325488,-0.944785,0,0.815865,-1.96992,37.3015,1
-0.985785,-0.150251,-0.0751855,0,-0.166723,0.930152,0.327141,0,0.0207806,0.335026,-0.94198,0,0.815865,-1.96992,37.3015,1
-0.982888,-0.130426,-0.130079,0,-0.166723,0.930152,0.327141,0,0.0783257,0.34323,-0.93598,0,0.815865,-1.96992,37.3015,1
-0.982888,-0.130426,-0.130079,0,-0.166723,0.930152,0.327141,0,0.0783257,0.34323,-0.93598,0,0.860045,-1.77632,36.7736,1
-0.982888,-0.130426,-0.130079,0,-0.166723,0.930152,0.327141,0,0.0783257,0.34323,-0.93598,0,0.913684,-1.54125,36.1326,1
-0.982888,-0.130426,-0.130079,0,-0.166723,0.930152,0.327141,0,0.0783257,0.34323,-0.93598,0,0.945134,-1.40344,35.7568,1
-0.982888,-0.130426,-0.130079,0,-0.166723,0.930152,0.327141,0,0.0783257,0.34323,-0.93598,0,1.00681,-1.13318,35.0197,1
-0.982888,-0.130426,-0.130079,0,-0.166723,0.930152,0.327141,0,0.0783257,0.34323,-0.93598,0,1.09537,-0.745096,33.9615,1
-0.982888,-0.130426,-0.130079,0,-0.166723,0.930152,0.327141,0,0.0783257,0.34323,-0.93598,0,1.13907,-0.553594,33.4393,1
-0.982888,-0.130426,-0.130079,0,-0.166723,0.930152,0.327141,0,0.0783257,0.34323,-0.93598,0,1.18359,-0.358486,32.9072,1
-0.982888,-0.130426,-0.130079,0,-0.166723,0.930152,0.327141,0,0.0783257,0.34323,-0.93598,0,1.2739,0.0372458,31.828,1
-0.982888,-0.130426,-0.130079,0,-0.162837,0.945326,0.282565,0,0.0861135,0.298911,-0.950388,0,1.2739,0.0372458,31.828,1
-0.982888,-0.130426,-0.130079,0,-0.157483,0.961289,0.226103,0,0.095554,0.242719,-0.965379,0,1.2739,0.0372458,31.828,1
-0.982888,-0.130426,-0.130079,0,-0.151478,0.974099,0.167885,0,0.104813,0.184716,-0.977187,0,1.2739,0.0372458,31.828,1
-0.982888,-0.130426,-0.130079,0,-0.140578,0.987437,0.0721479,0,0.119035,0.0891995,-0.988875,0,1.2739,0.0372458,31.828,1
-0.982888,-0.130426,-0.130079,0,-0.134509,0.990644,0.0230763,0,0.125852,0.0401782,-0.991235,0,1.2739,0.0372458,31.828,1
-0.982888,-0.130426,-0.130079,0,-0.128383,0.991434,-0.0240027,0,0.132095,-0.00689202,-0.991213,0,1.2739,0.0372458,31.828,1
-0.982888,-0.130426,-0.130079,0,-0.116713,0.987274,-0.108016,0,0.142512,-0.0909858,-0.985602,0,1.2739,0.0372458,31.828,1
-0.982888,-0.130426,-0.130079,0,-0.109725,0.981757,-0.155284,0,0.147959,-0.138354,-0.979268,0,1.2739,0.0372458,31.828,1
-0.982888,-0.130426,-0.130079,0,-0.10227,0.97371,-0.203544,0,0.153207,-0.186757,-0.970386,0,1.2739,0.0372458,31.828,1
-0.982888,-0.130426,-0.130079,0,-0.0929406,0.960823,-0.261116,0,0.159039,-0.244558,-0.956503,0,1.2739,0.0372458,31.828,1
-0.982888,-0.130426,-0.130079,0,-0.0837832,0.945428,-0.314875,0,0.164048,-0.298589,-0.940177,0,1.2739,0.0372458,31.828,1
-0.982888,-0.130426,-0.130079,0,-0.0760399,0.930471,-0.358387,0,0.167778,-0.342363,-0.924466,0,1.2739,0.0372458,31.828,1
-0.982888,-0.130426,-0.130079,0,-0.0685699,0.914474,-0.398792,0,0.170967,-0.383048,-0.907769,0,1.2739,0.0372458,31.828,1
-0.982888,-0.130426,-0.130079,0,-0.0466559,0.859406,-0.50916,0,0.178199,-0.494378,-0.850785,0,1.2739,0.0372458,31.828,1
-0.968198,-0.164451,-0.188542,0,-0.0462445,0.858263,-0.511123,0,0.245873,-0.486149,-0.838573,0,1.2739,0.0372458,31.828,1
-0.968198,-0.164451,-0.188542,0,-0.0556727,0.876337,-0.478471,0,0.243912,-0.452758,-0.857623,0,1.2739,0.0372458,31.828,1
-0.968198,-0.164451,-0.188542,0,-0.092435,0.935424,-0.341229,0,0.232483,-0.312949,-0.920877,0,1.2739,0.0372458,31.828,1
-0.968198,-0.164451,-0.188542,0,-0.103639,0.949545,-0.296011,0,0.227709,-0.267057,-0.936392,0,1.2739,0.0372458,31.828,1
-0.968198,-0.164451,-0.188542,0,-0.116202,0.962986,-0.243218,0,0.221561,-0.213574,-0.951471,0,1.2739,0.0372458,31.828,1
-0.968198,-0.164451,-0.188542,0,-0.126399,0.971891,-0.198622,0,0.215906,-0.168474,-0.96177,0,1.2739,0.0372458,31.828,1
-0.968198,-0.164451,-0.188542,0,-0.136918,0.979031,-0.150834,0,0.209394,-0.120222,-0.970413,0,1.2739,0.0372458,31.828,1
-0.968198,-0.164451,-0.188542,0,-0.148664,0.984303,-0.0951171,0,0.201225,-0.0640628,-0.977448,0,1.2739,0.0372458,31.828,1
-0.968198,-0.164451,-0.188542,0,-0.159638,0.986343,-0.0405428,0,0.192635,-0.00915503,-0.981228,0,1.2739,0.0372458,31.828,1
-0.968198,-0.164451,-0.188542,0,-0.16657,0.986019,-0.00465868,0,0.186673,0.0268951,-0.982054,0,1.2739,0.0372458,31.828,1
-0.968198,-0.164451,-0.188543,0,-0.184774,0.978109,0.0957188,0,0.168674,0.127513,-0.977389,0,1.2739,0.0372458,31.828,1
-0.968198,-0.164451,-0.188543,0,-0.196086,0.966837,0.163637,0,0.15538,0.195404,-0.968336,0,1.2739,0.0372458,31.828,1
-0.968198,-0.164451,-0.188543,0,-0.200339,0.961016,0.190558,0,0.149855,0.22227,-0.9634,0,1.2739,0.0372458,31.828,1
-0.968198,-0.164451,-0.188543,0,-0.208562,0.946771,0.245207,0,0.138182,0.276732,-0.95096,0,1.2739,0.0372458,31.828,1
-0.968198,-0.164451,-0.188543,0,-0.214747,0.932915,0.289054,0,0.128359,0.320351,-0.938562,0,1.2739,0.0372458,31.828,1
-0.968198,-0.164451,-0.188543,0,-0.224655,0.903124,0.365918,0,0.110102,0.396639,-0.911348,0,1.2739,0.0372458,31.828,1
-0.968198,-0.164451,-0.188543,0,-0.229437,0.884124,0.407043,0,0.0997564,0.437357,-0.893738,0,1.2739,0.0372458,31.828,1
-0.968198,-0.164451,-0.188543,0,-0.234963,0.856547,0.459478,0,0.0859341,0.489166,-0.867947,0,1.2739,0.0372458,31.828,1
-0.968198,-0.164451,-0.188543,0,-0.237987,0.837826,0.491335,0,0.0771653,0.520581,-0.850318,0,1.2739,0.0372458,31.828,1
-0.968198,-0.164451,-0.188543,0,-0.241242,0.813352,0.529396,0,0.066292,0.558045,-0.827159,0,1.2739,0.0372458,31.828,1
-0.968198,-0.164451,-0.188543,0,-0.245291,0.772287,0.586007,0,0.0492397,0.613619,-0.788065,0,1.2739,0.0372458,31.828,1
-0.968198,-0.164451,-0.188543,0,-0.247744,0.735208,0.630946,0,0.0348585,0.657591,-0.752568,0,1.2739,0.0372458,31.828,1
-0.968198,-0.164451,-0.188543,0,-0.249126,0.702973,0.666157,0,0.0229902,0.691943,-0.721586,0,1.2739,0.0372458,31.828,1
-0.968198,-0.164451,-0.188543,0,-0.250056,0.660248,0.708198,0,0.00802108,0.732822,-0.680373,0,1.2739,0.0372458,31.828,1
-0.968198,-0.164451,-0.188543,0,-0.250152,0.624167,0.740162,0,-0.00403824,0.763788,-0.645455,0,1.2739,0.0372458,31.828,1
-0.968198,-0.164451,-0.188543,0,-0.249505,0.579176,0.776081,0,-0.0184278,0.798443,-0.601789,0,1.2739,0.0372458,31.828,1
-0.968198,-0.164451,-0.188543,0,-0.246844,0.505163,0.82697,0,-0.0407512,0.847211,-0.529691,0,1.2739,0.0372458,31.828,1
-0.968198,-0.164451,-0.188543,0,-0.243701,0.449465,0.859413,0,-0.0565878,0.87803,-0.475248,0,1.2739,0.0372458,31.828,1
-0.968198,-0.164451,-0.188543,0,-0.241481,0.417222,0.876135,0,-0.0654172,0.893802,-0.443665,0,1.2739,0.0372458,31.828,1
-0.968198,-0.164451,-0.188543,0,-0.233886,0.327397,0.915483,0,-0.0888236,0.930466,-0.355448,0,1.2739,0.0372458,31.828,1
-0.968198,-0.164451,-0.188543,0,-0.228648,0.275734,0.933644,0,-0.101551,0.947062,-0.304567,0,1.2739,0.0372458,31.828,1
-0.968198,-0.164451,-0.188543,0,-0.222511,0.221498,0.949435,0,-0.114374,0.961194,-0.251046,0,1.2739,0.0372458,31.828,1
-0.968198,-0.164451,-0.188543,0,-0.216835,0.17565,0.960276,0,-0.124801,0.97062,-0.205723,0,1.2739,0.0372458,31.828,1
-0.968198,-0.164451,-0.188543,0,-0.210588,0.128809,0.969052,0,-0.135075,0.977939,-0.159344,0,1.2739,0.0372458,31.828,1
-0.968198,-0.164451,-0.188543,0,-0.203958,0.0823791,0.975507,0,-0.144891,0.982939,-0.1133,0,1.2739,0.0372458,31.828,1
-0.968198,-0.164451,-0.188543,0,-0.194143,0.0185283,0.980798,0,-0.1578,0.986211,-0.049866,0,1.2739,0.0372458,31.828,1
-0.968198,-0.164451,-0.188542,0,-0.186073,-0.0304353,0.982064,0,-0.16724,0.985916,-0.00113243,0,1.2739,0.0372458,31.828,1
-0.968198,-0.164451,-0.188542,0,-0.181345,-0.0578743,0.981715,0,-0.172356,0.984686,0.0262116,0,1.2739,0.0372458,31.828,1
-0.968198,-0.164451,-0.188543,0,-0.174491,-0.0961997,0.979948,0,-0.179291,0.981683,0.0644452,0,1.2739,0.0372458,31.828,1
-0.968198,-0.164451,-0.188542,0,-0.165798,-0.142613,0.975793,0,-0.187358,0.976021,0.110812,0,1.2739,0.0372458,31.828,1
-0.968198,-0.164451,-0.188542,0,-0.159974,-0.172481,0.971935,0,-0.192355,0.971188,0.140688,0,1.2739,0.0372458,31.828,1
-0.968198,-0.164451,-0.188542,0,-0.152946,-0.207331,0.966241,0,-0.19799,0.96435,0.175585,0,1.2739,0.0372458,31.828,1
-0.968198,-0.164451,-0.188542,0,-0.142417,-0.257315,0.955775,0,-0.205693,0.952231,0.225712,0,1.2739,0.0372458,31.828,1
-0.968198,-0.164451,-0.188542,0,-0.126622,-0.327868,0.9362,0,-0.215776,0.9303,0.296618,0,1.2739,0.0372458,31.828,1
-0.968198,-0.164451,-0.188542,0,-0.116409,-0.370947,0.921329,0,-0.221453,0.913977,0.340007,0,1.2739,0.0372458,31.828,1
-0.968198,-0.164451,-0.188542,0,-0.0913755,-0.469112,0.878399,0,-0.232901,0.867692,0.439166,0,1.2739,0.0372458,31.828,1
-0.968198,-0.164451,-0.188542,0,-0.0808137,-0.507642,0.85777,0,-0.236773,0.845728,0.478208,0,1.2739,0.0372458,31.828,1
-0.968198,-0.164451,-0.188542,0,-0.0676895,-0.553319,0.830215,0,-0.240854,0.816575,0.52459,0,1.2739,0.0372458,31.828,1
-0.968198,-0.164451,-0.188542,0,-0.058979,-0.582343,0.810801,0,-0.243133,0.796136,0.554125,0,1.2739,0.0372458,31.828,1
-0.968198,-0.164451,-0.188542,0,-0.0393645,-0.644091,0.763935,0,-0.247068,0.747062,0.617134,0,1.2739,0.0372458,31.828,1
-0.968198,-0.164451,-0.188542,0,-0.0281488,-0.677223,0.735239,0,-0.248596,0.717164,0.651057,0,1.2739,0.0372458,31.828,1
-0.968198,-0.164451,-0.188542,0,-0.011881,-0.72254,0.691227,0,-0.249902,0.671485,0.697608,0,1.2739,0.0372458,31.828,1
-0.968198,-0.164451,-0.188542,0,0.00304823,-0.761311,0.64838,0,-0.250166,0.627186,0.737601,0,1.2739,0.0372458,31.828,1
-0.968198,-0.164451,-0.188542,0,0.0221476,-0.806993,0.590146,0,-0.249202,0.567203,0.784971,0,1.2739,0.0372458,31.828,1
-0.968198,-0.164451,-0.188542,0,0.0460405,-0.857859,0.511819,0,-0.245912,0.486862,0.838149,0,1.2739,0.0372458,31.828,1
-0.968198,-0.164451,-0.188542,0,0.0567553,-0.878338,0.474659,0,-0.243662,0.448863,0.859739,0,1.2739,0.0372458,31.828,1
-0.968198,-0.164451,-0.188542,0,0.068497,-0.899059,0.432437,0,-0.240625,0.40577,0.881731,0,1.2739,0.0372458,31.828,1
-0.968198,-0.164451,-0.188542,0,0.0883252,-0.929766,0.357399,0,-0.234075,0.32938,0.914723,0,1.2739,0.0372458,31.828,1
-0.968198,-0.164451,-0.188542,0,0.109906,-0.956577,0.269964,0,-0.224751,0.240656,0.944231,0,1.2739,0.0372458,31.828,1
-0.968198,-0.164451,-0.188542,0,0.125274,-0.971001,0.203625,0,-0.216561,0.17353,0.960723,0,1.2739,0.0372458,31.828,1
