-0.885443,-0.282356,0.369141,0.000000,-0.082936,0.877533,0.472290,0.000000,-0.457287,0.387571,-0.800423,0.000000,10.679100,-8.814530,54.338200,1.000000
-0.887808,-0.298580,0.350210,0.000000,-0.097482,0.865711,0.490961,0.000000,-0.449772,0.401740,-0.797691,0.000000,11.355152,-8.422082,53.269481,1.000000
-0.889341,-0.272786,0.366962,0.000000,-0.084572,0.886836,0.454279,0.000000,-0.449356,0.372975,-0.811769,0.000000,11.086377,-9.056484,54.364786,1.000000
-0.878503,-0.302432,0.369820,0.000000,-0.095328,0.869514,0.484622,0.000000,-0.468129,0.390488,-0.792701,0.000000,9.440373,-8.528187,54.255071,1.000000
-0.889032,-0.297878,0.347694,0.000000,-0.088977,0.857342,0.506998,0.000000,-0.449116,0.419801,-0.788709,0.000000,9.228023,-7.673451,54.291586,1.000000
-0.875117,-0.302838,0.377439,0.000000,-0.081495,0.861064,0.501923,0.000000,-0.477001,0.408482,-0.778211,0.000000,9.941054,-8.060754,52.765973,1.000000
-0.861189,-0.299336,0.410794,0.000000,-0.053828,0.857361,0.511893,0.000000,-0.505427,0.418725,-0.754462,0.000000,9.050453,-9.005026,53.755316,1.000000
-0.866805,-0.300742,0.397748,0.000000,-0.070678,0.863699,0.499027,0.000000,-0.493613,0.404447,-0.769915,0.000000,9.027002,-8.321801,52.871517,1.000000
-0.874460,-0.306865,0.375704,0.000000,-0.066758,0.843248,0.533363,0.000000,-0.480482,0.441324,-0.757872,0.000000,9.276379,-7.719938,52.361426,1.000000
-0.874598,-0.304159,0.377580,0.000000,-0.065512,0.845749,0.529543,0.000000,-0.480403,0.438401,-0.759616,0.000000,9.656255,-7.300914,51.394023,1.000000
-0.878506,-0.276736,0.389416,0.000000,-0.050333,0.864215,0.500599,0.000000,-0.475073,0.420179,-0.773146,0.000000,8.812351,-7.293574,51.256524,1.000000
-0.864785,-0.302778,0.400590,0.000000,-0.060599,0.854859,0.515309,0.000000,-0.498473,0.421356,-0.757617,0.000000,9.268193,-6.449663,52.316283,1.000000
-0.865604,-0.293186,0.405919,0.000000,-0.040141,0.848680,0.527382,0.000000,-0.499117,0.440210,-0.746390,0.000000,8.227687,-6.410075,50.658864,1.000000
-0.863608,-0.305424,0.401120,0.000000,-0.073583,0.863453,0.499033,0.000000,-0.498766,0.401453,-0.768159,0.000000,7.474778,-6.864129,49.177968,1.000000
-0.870895,-0.298323,0.390571,0.000000,-0.056384,0.850101,0.523593,0.000000,-0.488224,0.433973,-0.757169,0.000000,8.106027,-5.792892,49.255847,1.000000
-0.862821,-0.310150,0.399182,0.000000,-0.074721,0.859237,0.506091,0.000000,-0.499956,0.406839,-0.764543,0.000000,7.631278,-5.917418,48.788043,1.000000
-0.870625,-0.272191,0.409785,0.000000,-0.027375,0.858501,0.512080,0.000000,-0.491185,0.434612,-0.754884,0.000000,7.516134,-4.662619,47.651212,1.000000
-0.871525,-0.296242,0.390750,0.000000,-0.045994,0.842751,0.536335,0.000000,-0.488190,0.449457,-0.748103,0.000000,6.184925,-5.808575,48.276969,1.000000
-0.876363,-0.285348,0.388026,0.000000,-0.040335,0.846265,0.531232,0.000000,-0.479960,0.449901,-0.753145,0.000000,6.323194,-5.258807,47.381158,1.000000
-0.874787,-0.303237,0.377883,0.000000,-0.109279,0.883320,0.455855,0.000000,-0.472023,0.357481,-0.805854,0.000000,5.286873,-5.326796,47.899675,1.000000
-0.884002,-0.280091,0.374285,0.000000,-0.111397,0.903786,0.413233,0.000000,-0.454016,0.323605,-0.830150,0.000000,6.816239,-5.408069,46.462257,1.000000
-0.887049,-0.278826,0.367966,0.000000,-0.113980,0.904617,0.410704,0.000000,-0.447383,0.322374,-0.834220,0.000000,6.057571,-3.720314,46.763089,1.000000
-0.877140,-0.274641,0.393951,0.000000,-0.108002,0.912130,0.395418,0.000000,-0.467933,0.304289,-0.829727,0.000000,5.796827,-4.302992,46.291895,1.000000
-0.873220,-0.278091,0.400191,0.000000,-0.121188,0.919316,0.374394,0.000000,-0.472018,0.278430,-0.836466,0.000000,4.468827,-3.427236,45.630009,1.000000
-0.865687,-0.293342,0.405630,0.000000,-0.152932,0.926552,0.343676,0.000000,-0.476652,0.235482,-0.846966,0.000000,4.831630,-4.125825,44.385799,1.000000
-0.866501,-0.286485,0.408781,0.000000,-0.130235,0.920297,0.368907,0.000000,-0.481886,0.266421,-0.834749,0.000000,3.545598,-4.299764,43.312805,1.000000
-0.865769,-0.286985,0.409981,0.000000,-0.146422,0.928647,0.340845,0.000000,-0.478545,0.235062,-0.846014,0.000000,4.920454,-3.537062,43.322405,1.000000
-0.882683,-0.288700,0.370840,0.000000,-0.162536,0.927909,0.335509,0.000000,-0.440967,0.235873,-0.865974,0.000000,3.253286,-2.958286,43.123378,1.000000
-0.875031,-0.281554,0.393762,0.000000,-0.143906,0.927972,0.343742,0.000000,-0.462182,0.244121,-0.852522,0.000000,2.609627,-2.304579,42.968369,1.000000
-0.863672,-0.293880,0.409519,0.000000,-0.157097,0.928922,0.335298,0.000000,-0.478949,0.225253,-0.848451,0.000000,1.962957,-2.021642,39.040107,1.000000
-0.873307,-0.271457,0.404531,0.000000,-0.143751,0.936986,0.318424,0.000000,-0.465478,0.219930,-0.857298,0.000000,2.257925,-2.145888,39.042547,1.000000
-0.868612,-0.294195,0.398701,0.000000,-0.171460,0.933407,0.315202,0.000000,-0.464881,0.205427,-0.861212,0.000000,0.208856,-1.603639,36.696922,1.000000
-0.912152,-0.268439,0.309708,0.000000,-0.167831,0.934040,0.315280,0.000000,-0.373913,0.235605,-0.897039,0.000000,-0.021883,-1.111148,37.852925,1.000000
-0.936517,-0.251849,0.243942,0.000000,-0.164272,0.929823,0.329307,0.000000,-0.309759,0.268329,-0.912167,0.000000,0.428564,-1.952903,37.323043,1.000000
-0.946932,-0.258163,0.191497,0.000000,-0.188019,0.928077,0.321437,0.000000,-0.260707,0.268374,-0.927366,0.000000,0.573084,-1.346759,37.367151,1.000000
-0.971848,-0.211185,0.104467,0.000000,-0.169900,0.935343,0.310271,0.000000,-0.163237,0.283787,-0.944891,0.000000,0.916178,-1.724970,37.475589,1.000000
-0.976240,-0.192024,0.100413,0.000000,-0.149697,0.932673,0.328195,0.000000,-0.156673,0.305366,-0.939258,0.000000,0.276841,-1.281302,36.691029,1.000000
-0.982011,-0.178244,0.062316,0.000000,-0.147064,0.928980,0.339660,0.000000,-0.118432,0.324385,-0.938482,0.000000,0.687262,-2.347715,38.148259,1.000000
-0.986033,-0.166517,-0.003223,0.000000,-0.159401,0.937937,0.308003,0.000000,-0.048264,0.304215,-0.951380,0.000000,1.775362,-2.092180,36.523738,1.000000
-0.987860,-0.138362,-0.070634,0.000000,-0.153880,0.933883,0.322775,0.000000,0.021304,0.329726,-0.943836,0.000000,0.340288,-1.764234,37.723932,1.000000
-0.986898,-0.117011,-0.111090,0.000000,-0.148201,0.929614,0.337422,0.000000,0.063789,0.349465,-0.934775,0.000000,0.453422,-2.121586,37.317217,1.000000
-0.986845,-0.110194,-0.118295,0.000000,-0.142413,0.938854,0.313483,0.000000,0.076518,0.326206,-0.942197,0.000000,-0.081514,-0.918612,37.234262,1.000000
-0.982448,-0.129798,-0.133971,0.000000,-0.168531,0.925484,0.339230,0.000000,0.079956,0.355854,-0.931115,0.000000,0.831382,-0.615073,36.226211,1.000000
-0.984391,-0.131684,-0.116761,0.000000,-0.163387,0.930368,0.328208,0.000000,0.065411,0.342162,-0.937361,0.000000,1.193254,-1.045169,35.547830,1.000000
-0.980289,-0.123475,-0.154230,0.000000,-0.170801,0.922006,0.347465,0.000000,0.099297,0.366959,-0.924922,0.000000,1.777146,-0.306606,35.612068,1.000000
-0.986776,-0.110845,-0.118265,0.000000,-0.144759,0.930911,0.335334,0.000000,0.072924,0.348020,-0.934647,0.000000,1.454826,-1.471990,34.403955,1.000000
-0.984239,-0.110961,-0.137698,0.000000,-0.150928,0.932868,0.327074,0.000000,0.092161,0.342701,-0.934913,0.000000,1.697173,-0.123520,34.246741,1.000000
-0.981183,-0.149769,-0.121853,0.000000,-0.181544,0.930493,0.318159,0.000000,0.065733,0.334294,-0.940174,0.000000,0.579210,-1.297404,33.395349,1.000000
-0.983017,-0.130444,-0.129084,0.000000,-0.164798,0.936947,0.308175,0.000000,0.080745,0.324214,-0.942531,0.000000,1.493633,0.272579,32.546885,1.000000
-0.980280,-0.145349,-0.133881,0.000000,-0.179656,0.937684,0.297444,0.000000,0.082305,0.315631,-0.945306,0.000000,0.753764,0.810270,30.885348,1.000000
-0.984959,-0.130195,-0.113599,0.000000,-0.151319,0.967343,0.203349,0.000000,0.083414,0.217480,-0.972494,0.000000,1.699289,0.038189,31.770177,1.000000
-0.984304,-0.108620,-0.139095,0.000000,-0.134170,0.972581,0.189961,0.000000,0.114647,0.205641,-0.971889,0.000000,0.416791,0.080545,31.021460,1.000000
-0.978523,-0.145721,-0.145804,0.000000,-0.155909,0.985885,0.061010,0.000000,0.134856,0.082432,-0.987430,0.000000,0.573631,0.356456,31.865190,1.000000
-0.978544,-0.153477,-0.137462,0.000000,-0.156064,0.987713,0.008181,0.000000,0.134517,0.029458,-0.990473,0.000000,1.181495,-0.097971,32.478628,1.000000
-0.987596,-0.110175,-0.111873,0.000000,-0.109991,0.993902,-0.007831,0.000000,0.112053,0.004572,-0.993692,0.000000,1.055776,0.700005,32.434729,1.000000
-0.986155,-0.108866,-0.125083,0.000000,-0.095348,0.989413,-0.109411,0.000000,0.135670,-0.095970,-0.986095,0.000000,1.107499,0.350966,32.083947,1.000000
-0.984627,-0.120249,-0.126690,0.000000,-0.103474,0.985891,-0.131576,0.000000,0.140724,-0.116444,-0.983177,0.000000,2.242027,-0.628417,31.040433,1.000000
-0.985536,-0.124385,-0.115099,0.000000,-0.099178,0.974055,-0.203423,0.000000,0.137415,-0.189065,-0.972302,0.000000,0.952887,0.940507,32.668664,1.000000
-0.983951,-0.108235,-0.141861,0.000000,-0.070243,0.965785,-0.249649,0.000000,0.164028,-0.235678,-0.957889,0.000000,1.119571,0.132988,32.713474,1.000000
-0.980013,-0.125945,-0.153986,0.000000,-0.074200,0.949628,-0.304469,0.000000,0.184576,-0.286958,-0.939993,0.000000,1.676098,0.369924,31.906253,1.000000
-0.980442,-0.139997,-0.138330,0.000000,-0.085167,0.935438,-0.343077,0.000000,0.177429,-0.324585,-0.929066,0.000000,0.529929,1.035407,31.170242,1.000000
-0.985267,-0.107379,-0.133112,0.000000,-0.042816,0.908410,-0.415882,0.000000,0.165577,-0.404055,-0.899624,0.000000,1.612251,-0.581888,31.565833,1.000000
-0.979751,-0.128052,-0.153916,0.000000,-0.036219,0.869409,-0.492764,0.000000,0.196916,-0.477211,-0.856442,0.000000,1.984946,0.326775,31.580544,1.000000
-0.971286,-0.149572,-0.185018,0.000000,-0.035001,0.859036,-0.510717,0.000000,0.235326,-0.489577,-0.839605,0.000000,0.515123,0.216261,31.280375,1.000000
-0.968350,-0.158735,-0.192615,0.000000,-0.051692,0.882525,-0.467415,0.000000,0.244183,-0.442665,-0.862799,0.000000,0.854781,0.271428,31.358562,1.000000
-0.960650,-0.179245,-0.212185,0.000000,-0.096526,0.931735,-0.350075,0.000000,0.260450,-0.315819,-0.912373,0.000000,0.961654,0.205384,31.043538,1.000000
-0.960969,-0.183381,-0.207149,0.000000,-0.113403,0.944060,-0.309662,0.000000,0.252347,-0.274084,-0.928008,0.000000,0.795356,0.225958,30.873025,1.000000
-0.970505,-0.161114,-0.179338,0.000000,-0.118423,0.966556,-0.227478,0.000000,0.209990,-0.199531,-0.957127,0.000000,0.631432,-0.116983,31.016459,1.000000
-0.967645,-0.169266,-0.187114,0.000000,-0.129354,0.969518,-0.208093,0.000000,0.216633,-0.177156,-0.960045,0.000000,1.673676,0.314307,30.895208,1.000000
-0.973161,-0.143783,-0.179676,0.000000,-0.116822,0.981361,-0.152589,0.000000,0.198267,-0.127504,-0.971819,0.000000,1.582791,-0.147516,32.467962,1.000000
-0.961733,-0.174176,-0.211500,0.000000,-0.156862,0.982925,-0.096187,0.000000,0.224643,-0.059330,-0.972633,0.000000,0.924191,-0.751496,32.049917,1.000000
-0.966514,-0.178061,-0.184782,0.000000,-0.177355,0.983934,-0.020476,0.000000,0.185459,0.012982,-0.982566,0.000000,0.806843,-0.655441,31.390011,1.000000
-0.968433,-0.161508,-0.189875,0.000000,-0.164010,0.986455,-0.002567,0.000000,0.187718,0.028655,-0.981805,0.000000,2.024643,0.073350,32.715245,1.000000
-0.962541,-0.170317,-0.210966,0.000000,-0.196101,0.974632,0.107877,0.000000,0.187241,0.145207,-0.971522,0.000000,1.626145,-0.384625,32.171616,1.000000
-0.970330,-0.174570,-0.167288,0.000000,-0.203638,0.963063,0.176183,0.000000,0.130352,0.205022,-0.970038,0.000000,0.721980,0.372911,32.516784,1.000000
-0.966742,-0.156479,-0.202298,0.000000,-0.194042,0.964039,0.181597,0.000000,0.166608,0.214811,-0.962340,0.000000,0.287331,0.241587,31.601542,1.000000
-0.968887,-0.185378,-0.163992,0.000000,-0.222392,0.942862,0.248098,0.000000,0.108630,0.276849,-0.954753,0.000000,1.122598,-0.040921,32.368319,1.000000
-0.966871,-0.155409,-0.202505,0.000000,-0.210722,0.933672,0.289575,0.000000,0.144071,0.322654,-0.935488,0.000000,0.345425,-0.611005,32.271516,1.000000
-0.971497,-0.163687,-0.171463,0.000000,-0.217930,0.901322,0.374334,0.000000,0.093270,0.401031,-0.911304,0.000000,1.488678,-0.579264,32.304854,1.000000
-0.966134,-0.151347,-0.208997,0.000000,-0.227840,0.880561,0.415573,0.000000,0.121139,0.449117,-0.885223,0.000000,1.804900,-0.585430,31.402996,1.000000
-0.970640,-0.144517,-0.192284,0.000000,-0.218217,0.865349,0.451168,0.000000,0.101191,0.479881,-0.871478,0.000000,1.367086,-0.111297,32.116886,1.000000
-0.965257,-0.171291,-0.197326,0.000000,-0.247937,0.838806,0.484697,0.000000,0.082494,0.516782,-0.852133,0.000000,2.164248,-0.544884,32.246563,1.000000
-0.973652,-0.152195,-0.169821,0.000000,-0.220209,0.820986,0.526773,0.000000,0.059249,0.550290,-0.832869,0.000000,1.174175,-0.045303,32.151890,1.000000
-0.967249,-0.177770,-0.181183,0.000000,-0.251094,0.774637,0.580422,0.000000,0.037169,0.606906,-0.793904,0.000000,1.106217,0.721104,32.493834,1.000000
-0.969057,-0.152480,-0.194111,0.000000,-0.242112,0.740312,0.627152,0.000000,0.048075,0.654742,-0.754322,0.000000,1.355379,0.777128,31.357558,1.000000
-0.973022,-0.156178,-0.169812,0.000000,-0.229776,0.722215,0.652387,0.000000,0.020752,0.673806,-0.738617,0.000000,1.565004,-0.003828,32.106634,1.000000
-0.966433,-0.166375,-0.195771,0.000000,-0.256644,0.660411,0.705685,0.000000,0.011881,0.732241,-0.680942,0.000000,1.715993,0.082236,32.815409,1.000000
-0.973899,-0.151358,-0.169151,0.000000,-0.226748,0.614882,0.755318,0.000000,-0.010315,0.773958,-0.633153,0.000000,0.401083,-0.153594,31.724746,1.000000
-0.966744,-0.157538,-0.201465,0.000000,-0.255721,0.584298,0.770196,0.000000,-0.003620,0.796102,-0.605152,0.000000,1.817861,0.902953,32.773482,1.000000
-0.973822,-0.150017,-0.170781,0.000000,-0.224607,0.519461,0.824447,0.000000,-0.034967,0.841223,-0.539557,0.000000,0.461540,0.088055,31.888688,1.000000
-0.965211,-0.181932,-0.187799,0.000000,-0.250746,0.440435,0.862058,0.000000,-0.074123,0.879157,-0.470731,0.000000,1.616762,0.519762,31.868105,1.000000
-0.972531,-0.157578,-0.171329,0.000000,-0.223421,0.425345,0.877020,0.000000,-0.065325,0.891208,-0.448867,0.000000,0.798191,-0.873846,32.337867,1.000000
-0.970765,-0.152069,-0.185714,0.000000,-0.227772,0.339516,0.912605,0.000000,-0.075726,0.928226,-0.364228,0.000000,0.992356,0.509926,31.617415,1.000000
-0.964706,-0.172975,-0.198552,0.000000,-0.240224,0.269215,0.932639,0.000000,-0.107870,0.947419,-0.301265,0.000000,0.313055,-0.301038,31.676619,1.000000
-0.972733,-0.153747,-0.173646,0.000000,-0.207423,0.241730,0.947915,0.000000,-0.103764,0.958086,-0.267029,0.000000,1.133743,0.812788,31.610366,1.000000
-0.966842,-0.177637,-0.183473,0.000000,-0.216419,0.188534,0.957924,0.000000,-0.135572,0.965868,-0.220726,0.000000,1.784054,-0.207963,31.260038,1.000000
-0.961300,-0.177677,-0.210556,0.000000,-0.232530,0.113366,0.965960,0.000000,-0.147759,0.977537,-0.150294,0.000000,1.616429,-0.085464,32.495001,1.000000
-0.968851,-0.177993,-0.172179,0.000000,-0.191924,0.100299,0.976271,0.000000,-0.156500,0.978907,-0.131336,0.000000,2.253644,0.066093,32.596562,1.000000
-0.970527,-0.169245,-0.171563,0.000000,-0.175052,0.005798,0.984542,0.000000,-0.165634,0.985557,-0.035253,0.000000,1.087810,0.534657,32.479168,1.000000
-0.967355,-0.178774,-0.179623,0.000000,-0.177151,-0.029834,0.983731,0.000000,-0.181224,0.983438,-0.002810,0.000000,0.453801,-0.739343,31.100585,1.000000
-0.966735,-0.173101,-0.188305,0.000000,-0.177755,-0.074695,0.981236,0.000000,-0.183918,0.982068,0.041441,0.000000,1.263912,-0.667538,30.937948,1.000000
-0.964600,-0.181297,-0.191516,0.000000,-0.179877,-0.078756,0.980531,0.000000,-0.192850,0.980270,0.043357,0.000000,1.667234,0.202828,32.458794,1.000000
-0.960092,-0.181856,-0.212490,0.000000,-0.181181,-0.174378,0.967867,0.000000,-0.213066,0.967740,0.134470,0.000000,2.004777,0.262379,32.807900,1.000000
-0.968159,-0.165823,-0.187536,0.000000,-0.161652,-0.157886,0.974136,0.000000,-0.191144,0.973434,0.126053,0.000000,0.729586,0.033434,32.629705,1.000000
-0.964228,-0.167482,-0.205462,0.000000,-0.171001,-0.199243,0.964915,0.000000,-0.202543,0.965532,0.163476,0.000000,1.445874,-0.469285,32.160832,1.000000
-0.970219,-0.144076,-0.194723,0.000000,-0.155197,-0.247476,0.956384,0.000000,-0.185981,0.958122,0.217746,0.000000,1.733404,0.818750,32.792606,1.000000
-0.965135,-0.177319,-0.192540,0.000000,-0.130833,-0.310301,0.941592,0.000000,-0.226708,0.933954,0.276284,0.000000,1.434081,-0.928788,31.069719,1.000000
-0.965202,-0.182009,-0.187771,0.000000,-0.113034,-0.357120,0.927194,0.000000,-0.235815,0.916154,0.324120,0.000000,0.692710,0.141828,32.087767,1.000000
-0.970695,-0.141593,-0.194172,0.000000,-0.105828,-0.473563,0.874379,0.000000,-0.215759,0.869304,0.444701,0.000000,0.372965,0.016386,31.213021,1.000000
-0.973765,-0.146574,-0.174061,0.000000,-0.074067,-0.519109,0.851493,0.000000,-0.215163,0.842046,0.494634,0.000000,0.652044,-0.877449,32.098396,1.000000
-0.969573,-0.153824,-0.190437,0.000000,-0.077572,-0.544780,0.834984,0.000000,-0.232187,0.824350,0.516272,0.000000,1.272132,0.108848,31.718366,1.000000
-0.971209,-0.146231,-0.188069,0.000000,-0.073542,-0.566853,0.820530,0.000000,-0.226594,0.810737,0.539779,0.000000,2.021755,-0.422166,31.244923,1.000000
-0.966332,-0.167366,-0.195427,0.000000,-0.041496,-0.648217,0.760324,0.000000,-0.253932,0.742835,0.619447,0.000000,0.685851,0.933112,30.992142,1.000000
-0.974434,-0.145809,-0.170936,0.000000,-0.024737,-0.686560,0.726652,0.000000,-0.223310,0.712303,0.665400,0.000000,1.515817,0.184665,30.932156,1.000000
-0.962248,-0.184867,-0.199758,0.000000,-0.007289,-0.716165,0.697893,0.000000,-0.272077,0.673002,0.687781,0.000000,0.400709,0.758127,32.696810,1.000000
-0.960455,-0.187173,-0.206136,0.000000,0.006110,-0.754328,0.656469,0.000000,-0.278367,0.629250,0.725642,0.000000,1.300655,-0.607549,31.625179,1.000000
-0.975151,-0.147323,-0.165457,0.000000,0.016244,-0.792385,0.609805,0.000000,-0.220945,0.591965,0.775088,0.000000,0.876512,-0.371687,31.493873,1.000000
-0.967063,-0.162620,-0.195814,0.000000,0.046842,-0.869862,0.491067,0.000000,-0.250188,0.465720,0.848829,0.000000,1.958313,0.155311,32.536200,1.000000
-0.969920,-0.157163,-0.185891,0.000000,0.056628,-0.888374,0.455615,0.000000,-0.236747,0.431383,0.870551,0.000000,0.628115,0.362862,31.489658,1.000000
-0.968090,-0.184348,-0.169759,0.000000,0.088824,-0.885835,0.455419,0.000000,-0.234334,0.425808,0.873942,0.000000,1.353864,0.451081,32.826983,1.000000
-0.970675,-0.154297,-0.184343,0.000000,0.080365,-0.930994,0.356079,0.000000,-0.226564,0.330822,0.916092,0.000000,1.801814,0.673654,31.028443,1.000000
-0.972003,-0.149045,-0.181645,0.000000,0.101097,-0.963135,0.249300,0.000000,-0.212106,0.223957,0.951238,0.000000,1.317671,-0.291056,31.179338,1.000000
-0.966516,-0.149729,-0.208396,0.000000,0.105013,-0.971791,0.211174,0.000000,-0.234137,0.182219,0.954975,0.000000,1.210836,0.861511,31.036023,1.000000
