0.522953,0.730862,0.43859,0,-0.826715,0.309642,0.469749,0,0.207515,-0.608246,0.766143,0,71.2233,44.6003,-127.896,1
0.523103,0.730695,0.438689,0,-0.826325,0.308794,0.470992,0,0.208687,-0.608877,0.765323,0,71.4351,44.1552,-127.377,1
0.523272,0.73053,0.438762,0,-0.825969,0.30811,0.472062,0,0.209668,-0.609421,0.764621,0,71.6279,43.7943,-126.922,1