0.522953,0.730862,0.438590,0.000000,-0.826715,0.309642,0.469749,0.000000,0.207515,-0.608246,0.766143,0.000000,71.223300,44.600300,-127.896000,1.000000
0.504544,0.747821,0.431507,0.000000,-0.837605,0.302742,0.454714,0.000000,0.209409,-0.590856,0.779126,0.000000,71.460666,44.155871,-127.384361,1.000000
0.496116,0.744915,0.446061,0.000000,-0.843375,0.291336,0.451488,0.000000,0.206367,-0.600187,0.772779,0.000000,71.656872,43.805195,-126.917281,1.000000