0.457691,0.450261,0.766670,0.000000,-0.402822,-0.663700,0.630267,0.000000,0.792624,-0.597299,-0.122395,0.000000,66.739804,48.320840,-125.353227,1.000000
0.536326,-0.570001,0.622457,0.000000,0.011546,0.742385,0.669874,0.000000,-0.843932,-0.352084,0.404742,0.000000,65.784636,49.404983,-126.238210,1.000000
0.330789,-0.649681,0.684465,0.000000,-0.078181,-0.741669,-0.666194,0.000000,0.940461,0.166857,-0.296129,0.000000,63.586948,47.600896,-125.496676,1.000000
